sergei Mir.txt 3 7036 8150 8482 
consolidated Mir.txt 1 658 
externally Mir.txt 2 1620 2526 
foul Mir.txt 1 5119 
four Mir.txt 11 494 532 991 1173 1898 1906 2267 5052 5314 7101 7569 
sleep Mir.txt 3 4367 4785 4834 
asian Mir.txt 1 425 
kondakova Mir.txt 1 7749 
integrity Mir.txt 1 6660 
assembled Mir.txt 3 56 1511 1664 
vozdukh Mir.txt 2 762 3066 
feeding Mir.txt 1 6249 
segments Mir.txt 1 1508 
under Mir.txt 1 6211 
placed Mir.txt 1 4987 
ahad Mir.txt 1 5813 
shielding Mir.txt 3 8995 10304 10394 
risk Mir.txt 4 3149 10325 10504 10525 
activation Mir.txt 1 6184 
every Mir.txt 1 4077 
updates Mir.txt 1 2538 
vastly Mir.txt 1 6744 
sensor Mir.txt 1 2010 
frozen Mir.txt 1 4917 
announced Mir.txt 5 3512 3637 6526 8123 8323 
296 Mir.txt 1 328 
commented Mir.txt 2 4192 4234 
methane Mir.txt 1 3075 
aeronautics Mir.txt 1 3597 
force Mir.txt 1 2914 
specially Mir.txt 1 9301 
feasibility Mir.txt 1 10094 
second Mir.txt 12 939 1354 1572 4078 5590 5711 5884 6007 6476 7122 7761 8597 
estimated Mir.txt 1 449 
microbiological Mir.txt 2 5029 5140 
organisms Mir.txt 1 4761 
depressurise Mir.txt 2 10134 10518 
supplied Mir.txt 1 2168 
progress-m Mir.txt 2 8586 9080 
above Mir.txt 1 1176 
conduct Mir.txt 2 870 7605 
new Mir.txt 15 387 730 1125 1328 2629 3516 3533 5540 5586 5995 6016 6322 6740 8241 8800 
consisting Mir.txt 3 1345 1505 10433 
undocked Mir.txt 4 1218 1257 2875 5488 
specialist Mir.txt 1 7747 
niche Mir.txt 1 4990 
never Mir.txt 2 3329 6286 
here Mir.txt 1 4274 
reported Mir.txt 2 3796 6943 
protection Mir.txt 1 10202 
studio Mir.txt 1 8464 
represented Mir.txt 1 233 
103 Mir.txt 1 8610 
100 Mir.txt 2 4946 8671 
resupply Mir.txt 6 1351 2479 6030 8973 9101 9444 
72-day Mir.txt 1 5207 
ventures Mir.txt 1 3618 
items Mir.txt 1 3983 
changed Mir.txt 1 2598 
smoke Mir.txt 1 9999 
permit Mir.txt 1 6182 
military Mir.txt 2 665 3197 
cancellation Mir.txt 3 3375 6708 9266 
charred Mir.txt 1 9886 
strap Mir.txt 1 4443 
brought Mir.txt 6 3835 3984 5461 5905 6014 7399 
ninety Mir.txt 1 5044 
spacewalks Mir.txt 5 1292 1701 5176 7560 8180 
total Mir.txt 10 197 530 1289 2119 2270 5182 5312 7689 8947 9098 
unit Mir.txt 6 1473 1787 1817 6044 6055 9610 
anglo-american Mir.txt 1 7734 
would Mir.txt 18 525 609 622 640 1029 1043 1073 1129 2689 3539 6103 6528 6621 6765 8137 8263 8330 9186 
baikonur Mir.txt 2 867 6799 
leaks Mir.txt 1 9756 
foster Mir.txt 1 3581 
call Mir.txt 1 4011 
until Mir.txt 9 155 2053 2401 3650 3902 4854 5865 7755 9277 
apas Mir.txt 1 6994 
breathe Mir.txt 1 9775 
relay Mir.txt 1 2825 
successful Mir.txt 1 950 
glass Mir.txt 1 5099 
week-long Mir.txt 1 5273 
90 Mir.txt 2 1891 9973 
hole Mir.txt 1 4538 
inhabited Mir.txt 1 134 
1991 Mir.txt 2 2213 6411 
1990 Mir.txt 5 1006 5051 6076 6121 6320 
1993 Mir.txt 5 3499 3639 6393 6596 9306 
1992 Mir.txt 2 3426 6494 
1995 Mir.txt 8 191 294 1009 1164 2219 2253 7180 7317 
1994 Mir.txt 6 189 3645 6950 7033 7092 9918 
1997 Mir.txt 6 2381 6774 7585 7729 9603 9933 
1996 Mir.txt 5 62 1013 2335 3698 7383 
1999 Mir.txt 5 5338 8142 8258 8288 8398 
1998 Mir.txt 5 3655 4754 8053 8094 8223 
past Mir.txt 3 3331 8257 8267 
work Mir.txt 15 696 704 719 769 3897 3919 3972 4136 4244 4257 4273 6370 8496 10180 10184 
mi Mir.txt 9 331 336 2421 2430 4426 4435 8572 8612 8673 
worn Mir.txt 1 10022 
era Mir.txt 1 1329 
install Mir.txt 1 1418 
rework Mir.txt 1 893 
salvage Mir.txt 1 7887 
route Mir.txt 1 6340 
vodka Mir.txt 1 5025 
give Mir.txt 2 3861 3988 
cited Mir.txt 1 5124 
india Mir.txt 1 3226 
10,000 Mir.txt 1 2571 
david Mir.txt 1 7980 
altitudes Mir.txt 1 10421 
returned Mir.txt 7 5246 6346 7297 7348 8056 8293 9803 
aging Mir.txt 2 8541 9633 
end Mir.txt 8 538 598 1200 1531 3347 5348 8442 9360 
recovery Mir.txt 1 4613 
provide Mir.txt 2 4944 9216 
damage Mir.txt 6 6941 7943 10043 10333 10350 10488 
how Mir.txt 1 4059 
toxic Mir.txt 1 9998 
faulty Mir.txt 1 5964 
after Mir.txt 20 89 437 1848 3381 4089 5054 5150 5475 5706 5741 5765 5958 5975 6846 6908 7226 7944 8635 9297 9785 
damaged Mir.txt 2 7713 10545 
diagram Mir.txt 1 961 
fat Mir.txt 1 4953 
president Mir.txt 5 3428 3435 3502 6516 6521 
purchase Mir.txt 1 8453 
attempt Mir.txt 6 925 941 5712 6125 7869 8005 
third Mir.txt 5 1308 2126 5838 8640 9591 
fungi Mir.txt 1 5136 
maintain Mir.txt 2 369 2736 
plumbing Mir.txt 2 4699 8818 
ultraviolet Mir.txt 1 5679 
1000 Mir.txt 1 3666 
order Mir.txt 8 785 2553 2888 4101 4116 4129 6988 9038 
operations Mir.txt 5 5161 6397 7176 7532 9915 
cosmodrome Mir.txt 1 868 
over Mir.txt 10 462 1293 1446 1973 2074 3675 8082 8960 10243 10362 
bella Mir.txt 1 8291 
hibernation Mir.txt 1 5912 
6.2 Mir.txt 1 4425 
japan Mir.txt 1 3412 
kayutkas Mir.txt 1 4802 
before Mir.txt 10 1097 4933 5282 5576 6506 6823 6886 7575 8054 10183 
37k Mir.txt 2 5627 9210 
manageable Mir.txt 1 6105 
personal Mir.txt 3 3893 4827 7844 
backpack Mir.txt 2 1793 6043 
2.5 Mir.txt 1 8588 
crew Mir.txt 62 216 2211 2776 2897 3132 3755 3839 3881 4049 4711 4799 4871 5211 5235 5278 5287 5298 5565 6066 6081 6312 6323 6403 6415 6435 6499 6572 6680 6816 6901 6954 7064 7124 7137 7232 7246 7296 7346 7351 7356 7377 7393 7484 7549 7574 7631 7804 8007 8026 8046 8100 8145 8168 8176 8273 8302 8385 8480 8891 9366 10011 10373 
destroyed Mir.txt 1 9029 
production Mir.txt 1 4344 
condition Mir.txt 1 7908 
400 Mir.txt 1 5505 
weeks Mir.txt 2 7225 10178 
apogee Mir.txt 1 2425 
409 Mir.txt 1 2105 
then Mir.txt 7 1044 1057 1074 1243 1250 1877 2047 
them Mir.txt 6 3989 6470 6804 8765 10352 10516 
combination Mir.txt 1 2548 
prevented Mir.txt 2 5762 7815 
safe Mir.txt 1 8508 
break Mir.txt 1 3914 
effects Mir.txt 10 2969 4168 4316 4333 4377 4392 4828 7423 7845 9834 
they Mir.txt 15 3526 3946 3995 4494 5460 5469 5487 5498 5730 6102 6284 6292 7098 9851 10481 
one Mir.txt 23 585 1322 1347 1424 1841 1860 1895 1969 2943 3478 3563 4470 5243 5277 5745 6333 8181 9243 9497 9500 9504 9570 9575 
22-short-ton Mir.txt 1 677 
exhaled Mir.txt 1 4892 
structural Mir.txt 1 6659 
jean-pierre Mir.txt 1 8279 
oxygen Mir.txt 11 759 2989 3040 3042 3046 3143 4630 6025 9863 9953 9959 
each Mir.txt 18 1124 1393 1441 1702 1838 2041 2102 2171 2188 2470 2582 4415 4813 5189 8368 8812 9016 9488 
mounts Mir.txt 2 1990 2201 
luch Mir.txt 2 754 2823 
374 Mir.txt 1 2427 
bone Mir.txt 1 4458 
lasting Mir.txt 1 8662 
improvise Mir.txt 1 4156 
telescope Mir.txt 1 9258 
independent Mir.txt 1 6485 
series Mir.txt 1 5625 
foales Mir.txt 2 7750 7841 
member Mir.txt 1 7394 
laboratory Mir.txt 2 101 647 
stabilised Mir.txt 1 7828 
decree Mir.txt 1 482 
network Mir.txt 1 2837 
gradient Mir.txt 1 2695 
open Mir.txt 1 4540 
washed Mir.txt 1 4713 
vessels Mir.txt 1 2480 
particles Mir.txt 1 6925 
laid Mir.txt 1 6336 
daniel Mir.txt 1 7968 
newly Mir.txt 1 6451 
scrubbers Mir.txt 1 765 
linenger Mir.txt 10 4057 4095 4147 7595 7599 7642 7730 9728 9739 9984 
city Mir.txt 1 6840 
51-day Mir.txt 1 5456 
threatened Mir.txt 1 9899 
free Mir.txt 2 2927 3942 
sensors Mir.txt 3 1983 2532 2541 
greeted Mir.txt 1 7120 
iss Mir.txt 9 161 3158 3633 4232 5015 5876 9519 9533 9881 
cosmic Mir.txt 1 10220 
days Mir.txt 13 154 181 3668 5501 5537 5570 6180 6860 7096 7250 8020 8067 8410 
shipped Mir.txt 1 9614 
disturbed Mir.txt 1 2965 
incorporated Mir.txt 1 732 
uses Mir.txt 1 12 
onto Mir.txt 1 7516 
purpose Mir.txt 1 1400 
industrial Mir.txt 1 6357 
romanenko Mir.txt 1 5719 
primary Mir.txt 1 1323 
featured Mir.txt 7 1490 1638 1771 4636 4676 6033 8874 
another Mir.txt 3 3921 5248 8190 
bicycle Mir.txt 1 4410 
payload Mir.txt 2 7073 7424 
hood Mir.txt 1 4733 
service Mir.txt 4 4777 6736 8243 9222 
attach Mir.txt 2 6270 9231 
approximately Mir.txt 1 10266 
needed Mir.txt 4 2460 2595 8834 9588 
observations Mir.txt 5 1751 2650 5575 5681 6257 
ordered Mir.txt 1 803 
john Mir.txt 3 3794 7513 9695 
damaging Mir.txt 1 9167 
deorbit Mir.txt 7 8069 8073 8270 8326 8360 8545 8646 
7k-tg Mir.txt 1 9072 
collapse Mir.txt 2 379 6689 
radiation Mir.txt 8 10189 10214 10272 10279 10297 10303 10320 10380 
leaking Mir.txt 1 9691 
took Mir.txt 1 8802 
shortly Mir.txt 1 6822 
distance Mir.txt 2 1549 9327 
target Mir.txt 1 2662 
roles Mir.txt 1 9540 
meteorology Mir.txt 1 113 
enabled Mir.txt 2 4133 6632 
zero Mir.txt 1 2947 
nations Mir.txt 5 430 3396 3589 5360 7293 
preparation Mir.txt 3 3530 5925 8216 
vinogradov Mir.txt 1 7882 
cassiope Mir.txt 1 7473 
anatomically Mir.txt 1 4586 
contradicts Mir.txt 1 9715 
manned Mir.txt 9 364 663 1815 3207 6053 6480 8515 8882 8951 
rinse-less Mir.txt 1 4744 
solovyev Mir.txt 3 6069 7877 7933 
disambiguation Mir.txt 1 15 
mind Mir.txt 1 1402 
manner Mir.txt 2 1810 4204 
increment Mir.txt 1 7751 
seen Mir.txt 1 8739 
seek Mir.txt 1 8340 
contents Mir.txt 1 471 
expeditions Mir.txt 7 3681 5163 5170 5201 5259 6364 7295 
forced Mir.txt 1 10009 
jean-loup Mir.txt 1 5817 
strength Mir.txt 1 10301 
responsible Mir.txt 1 689 
isolated Mir.txt 2 4282 5155 
oriented Mir.txt 4 1998 2576 2668 2691 
causing Mir.txt 5 7791 9170 10130 10167 10515 
absorbed Mir.txt 1 10237 
forces Mir.txt 1 3198 
hatch Mir.txt 3 6040 7814 7917 
spektr Mir.txt 21 1007 1834 1910 2250 3804 4853 6464 6554 6710 7151 7262 7719 7778 7837 7866 7939 8014 8183 9168 10125 10138 
though Mir.txt 1 3379 
replenished Mir.txt 1 1374 
phase Mir.txt 2 3562 3620 
clearance Mir.txt 1 9349 
don Mir.txt 1 10013 
medical Mir.txt 1 4163 
flow Mir.txt 1 835 
accounted Mir.txt 1 4082 
deeply Mir.txt 1 9817 
fitted Mir.txt 2 1705 1777 
saying Mir.txt 1 4239 
departing Mir.txt 1 5286 
visitor Mir.txt 1 7468 
probe Mir.txt 1 1875 
ending Mir.txt 2 6474 8399 
attempts Mir.txt 1 6758 
radio Mir.txt 7 2742 2759 2857 4007 4010 4026 7554 
participate Mir.txt 1 3205 
earth Mir.txt 25 32 1750 2065 2647 3125 3975 3986 4029 4386 5146 5574 5579 6348 6379 6447 7088 7299 7353 7578 8058 8295 8912 9059 10198 10274 
sunsets Mir.txt 1 3873 
situations Mir.txt 1 4467 
delays Mir.txt 1 8238 
buran Mir.txt 11 782 789 1807 5636 6281 6290 9196 9250 9264 9269 9510 
bush Mir.txt 2 3432 6525 
eo-x Mir.txt 1 5200 
do Mir.txt 2 3944 8494 
microgravity Mir.txt 4 99 2903 2955 6212 
spektrs Mir.txt 2 7813 7919 
consumables Mir.txt 1 1371 
watch Mir.txt 1 4053 
fluid Mir.txt 2 3026 4335 
despite Mir.txt 1 4189 
depressurised Mir.txt 1 1133 
onboard Mir.txt 2 2939 5703 
21:28:23 Mir.txt 1 947 
undocking Mir.txt 2 6975 7130 
countries Mir.txt 2 3203 3221 
intra-vehicular Mir.txt 1 7900 
bag Mir.txt 4 4818 4840 5734 5768 
eo-1 Mir.txt 2 5321 5564 
eo-7 Mir.txt 1 6310 
architecture Mir.txt 1 1332 
eo-5 Mir.txt 2 1825 6080 
eo-4 Mir.txt 1 5824 
release Mir.txt 1 9768 
eo-9 Mir.txt 1 6367 
eo-8 Mir.txt 2 2210 6365 
automatic Mir.txt 3 751 9130 10101 
steam Mir.txt 1 4693 
all-sky Mir.txt 1 2009 
secretary Mir.txt 1 809 
respond Mir.txt 1 3977 
14.75 Mir.txt 1 10255 
peripheral Mir.txt 2 6269 9230 
testing Mir.txt 6 793 873 5538 7223 9298 10066 
alterations Mir.txt 1 8210 
observed Mir.txt 1 4166 
decided Mir.txt 5 849 4122 5425 6100 7970 
result Mir.txt 7 395 2097 2785 3791 6726 9009 10414 
optimum Mir.txt 2 2001 2024 
capacity Mir.txt 2 211 2045 
propulsion Mir.txt 1 627 
away Mir.txt 4 1078 1603 4547 6878 
wikipedia Mir.txt 1 1 
artificial Mir.txt 1 79 
continually Mir.txt 1 2088 
reassigned Mir.txt 1 5656 
unable Mir.txt 1 6459 
features Mir.txt 1 6261 
cooperation Mir.txt 3 3161 3458 3585 
discovery Mir.txt 4 7053 7172 7227 8097 
men Mir.txt 1 4597 
extend Mir.txt 1 1058 
nature Mir.txt 1 3716 
rolled Mir.txt 1 913 
component Mir.txt 2 1496 3335 
vitamin Mir.txt 1 4967 
leninsk Mir.txt 1 6842 
contamination Mir.txt 1 5084 
carbon Mir.txt 3 763 3057 4893 
faced Mir.txt 2 3393 7652 
received Mir.txt 1 10268 
airflow Mir.txt 1 4687 
muhammed Mir.txt 1 5809 
negative Mir.txt 1 9832 
phonebox-sized Mir.txt 1 4803 
planned Mir.txt 10 514 605 833 1806 2084 3290 5624 5641 7113 9255 
pose Mir.txt 1 10322 
active Mir.txt 1 8134 
hygiene Mir.txt 2 3894 4468 
loaded Mir.txt 1 8386 
250 Mir.txt 1 9427 
truss Mir.txt 1 1268 
korzun Mir.txt 1 7487 
proceeded Mir.txt 1 7752 
engines Mir.txt 4 1178 2503 8624 8655 
basis Mir.txt 2 4248 4261 
union Mir.txt 4 42 3188 3344 6433 
three Mir.txt 16 218 504 1267 3230 3754 3915 5234 5790 6084 7630 8305 8550 9065 9483 9559 9920 
been Mir.txt 15 499 642 1214 2257 2345 3387 3825 3997 5152 5351 5737 6791 9014 9659 10383 
quickly Mir.txt 1 4381 
much Mir.txt 3 2244 3136 9218 
104 Mir.txt 1 5354 
expected Mir.txt 1 3821 
entered Mir.txt 1 2015 
containers Mir.txt 1 4563 
dry Mir.txt 1 9709 
life Mir.txt 9 2970 2978 3685 3741 3812 4060 5290 6017 8445 
drugs Mir.txt 1 10397 
concerning Mir.txt 1 3457 
lift Mir.txt 1 1075 
catch Mir.txt 1 3969 
165 Mir.txt 1 8607 
worked Mir.txt 1 3953 
physician Mir.txt 1 7593 
exception Mir.txt 2 3800 9145 
has Mir.txt 1 10381 
launches Mir.txt 1 5788 
dells Mir.txt 1 9617 
air Mir.txt 12 3035 3063 3108 4542 4885 7831 9701 9720 9777 9797 9812 9840 
lesser Mir.txt 1 4358 
near Mir.txt 6 2410 7185 7677 8440 8679 9457 
itinerary Mir.txt 1 4183 
aid Mir.txt 1 4977 
balance Mir.txt 1 4349 
launched Mir.txt 35 259 357 500 507 1031 1183 1227 1442 2071 2110 2130 2156 2175 2251 2369 5239 5250 5474 5595 5610 5632 5970 6064 6118 6404 6440 6490 6592 6851 7276 7313 7358 7379 7504 8473 
seven Mir.txt 4 301 1438 3275 3679 
manoeuvring Mir.txt 1 1786 
is Mir.txt 12 4 3135 3818 4251 4275 4452 4510 6436 9522 10265 10408 10427 
it Mir.txt 44 63 75 156 166 512 602 828 847 1042 1086 1093 1099 1256 1819 1887 2323 2459 3751 3783 3823 4188 4616 4645 4695 4867 4997 5349 5362 5423 5616 5654 5877 6098 6344 6611 7082 8262 8321 9181 9613 9620 9657 9772 9781 
anatoly Mir.txt 2 6068 7876 
exterior Mir.txt 4 1070 1281 1631 7027 
in Mir.txt 199 30 57 81 102 107 138 150 237 260 293 374 434 457 591 630 720 726 784 796 820 907 1002 1005 1008 1012 1157 1163 1259 1330 1401 1423 1429 1483 1558 1626 1665 1799 1808 1826 1967 1987 2107 2140 2157 2212 2218 2252 2333 2379 2408 2552 2581 2692 2723 2832 2843 2853 2887 2906 3169 3206 3245 3249 3285 3313 3369 3415 3424 3459 3497 3529 3543 3576 3638 3644 3654 3669 3777 3785 3809 3827 3948 3961 4020 4102 4127 4157 4200 4215 4265 4400 4411 4465 4487 4552 4558 4642 4653 4735 4767 4780 4786 4791 4961 4991 5001 5033 5050 5064 5104 5147 5153 5203 5367 5739 5863 5920 5924 5956 6170 6208 6251 6288 6359 6559 6586 6653 6704 6722 6754 6773 6788 6801 6820 6978 6987 6997 7008 7125 7139 7241 7339 7363 7533 7583 7638 7727 7823 7836 7850 7890 8013 8048 8051 8079 8140 8156 8172 8215 8255 8282 8298 8379 8549 8592 8793 8913 9037 9123 9140 9161 9172 9305 9417 9455 9482 9553 9573 9577 9599 9602 9638 9672 9730 9798 9888 9916 9946 10144 10196 10275 10367 10376 10391 10415 10469 10521 10533 10546 
supplies Mir.txt 1 8595 
grown Mir.txt 1 5073 
containing Mir.txt 2 2706 7838 
descent Mir.txt 1 636 
prior Mir.txt 4 1119 2496 2699 7127 
perform Mir.txt 1 4124 
saw Mir.txt 7 5804 6111 7190 7409 7512 7558 8224 
make Mir.txt 2 2670 4001 
cumulative Mir.txt 1 3667 
jerry Mir.txt 4 4056 7594 9727 9983 
bottled Mir.txt 2 3041 9796 
potentially Mir.txt 1 6092 
inventory Mir.txt 1 8115 
several Mir.txt 14 305 312 424 1270 1491 1772 1940 2468 2790 3263 6924 7534 7653 9895 
european Mir.txt 4 426 3252 3256 3409 
fairly Mir.txt 2 2639 7753 
satellite Mir.txt 3 80 755 2826 
posed Mir.txt 3 10474 10502 10523 
counterparts Mir.txt 1 9001 
hand Mir.txt 1 1681 
angle Mir.txt 1 2025 
cycle Mir.txt 1 4419 
kept Mir.txt 2 2573 8254 
russians Mir.txt 2 6449 6757 
1979 Mir.txt 2 652 721 
1978 Mir.txt 1 576 
1976 Mir.txt 1 481 
1975 Mir.txt 1 7340 
1971 Mir.txt 1 502 
ocean Mir.txt 1 8702 
materials Mir.txt 2 2674 8109 
incapable Mir.txt 1 9003 
the Mir.txt 854 6 40 49 73 77 85 94 131 142 145 160 168 171 186 210 226 229 234 238 244 248 252 280 297 318 320 354 361 378 381 386 398 408 415 442 445 489 516 522 540 544 560 563 571 581 596 600 607 617 635 655 669 683 691 706 734 737 781 788 805 823 832 843 858 862 866 871 877 881 896 901 909 922 933 938 952 963 974 985 988 993 1015 1022 1027 1039 1047 1052 1068 1071 1076 1080 1089 1102 1121 1127 1141 1144 1150 1160 1172 1190 1195 1198 1202 1207 1216 1222 1237 1246 1252 1260 1280 1283 1294 1297 1300 1304 1307 1315 1353 1381 1405 1415 1420 1433 1463 1486 1494 1498 1525 1530 1539 1543 1546 1562 1569 1605 1630 1633 1645 1648 1658 1693 1711 1720 1724 1742 1757 1784 1802 1805 1813 1849 1854 1866 1871 1880 1883 1897 1905 1916 1934 1945 1956 1962 1964 1979 1988 1991 2004 2007 2018 2023 2029 2032 2037 2039 2051 2054 2061 2066 2086 2098 2112 2137 2209 2221 2226 2237 2289 2293 2301 2304 2308 2327 2340 2348 2362 2373 2383 2392 2448 2483 2487 2498 2502 2505 2511 2513 2517 2574 2584 2590 2593 2599 2609 2612 2621 2628 2632 2653 2661 2665 2678 2684 2701 2704 2709 2718 2726 2737 2753 2797 2802 2805 2810 2813 2818 2822 2833 2836 2847 2854 2877 2884 2893 2900 2913 2925 2930 2938 2949 2996 3000 3003 3007 3021 3028 3034 3036 3062 3065 3077 3095 3099 3111 3118 3139 3170 3196 3228 3232 3250 3274 3286 3305 3314 3320 3339 3342 3346 3349 3352 3359 3365 3374 3403 3416 3444 3448 3454 3460 3483 3522 3536 3544 3555 3558 3568 3587 3594 3603 3609 3612 3623 3626 3629 3634 3640 3647 3676 3704 3707 3714 3718 3721 3771 3799 3810 3842 3853 3862 3867 3880 3928 3939 3949 3959 3974 4004 4021 4033 4035 4048 4070 4100 4111 4167 4178 4210 4231 4267 4276 4291 4312 4326 4340 4355 4374 4385 4393 4401 4412 4420 4429 4446 4457 4472 4488 4502 4508 4514 4541 4545 4580 4583 4593 4602 4611 4632 4639 4650 4664 4673 4702 4707 4736 4794 4801 4807 4810 4862 4910 4925 4928 4937 4939 4974 4992 5014 5016 5034 5055 5059 5066 5081 5102 5115 5134 5148 5206 5210 5215 5257 5269 5272 5280 5285 5288 5306 5329 5347 5363 5374 5388 5399 5403 5419 5462 5524 5530 5539 5554 5563 5585 5589 5606 5618 5659 5662 5671 5682 5686 5699 5702 5707 5710 5715 5728 5742 5747 5756 5759 5763 5767 5775 5780 5805 5821 5832 5846 5856 5859 5875 5880 5886 5906 5916 5921 5927 5932 5935 5942 5946 5951 5978 5984 5994 6015 6031 6051 6079 6088 6112 6115 6122 6141 6151 6157 6161 6164 6168 6171 6183 6186 6196 6215 6220 6222 6258 6263 6266 6280 6297 6309 6321 6342 6369 6399 6401 6413 6419 6423 6428 6431 6434 6450 6462 6478 6497 6507 6531 6542 6548 6570 6577 6584 6607 6618 6629 6638 6649 6658 6678 6685 6688 6691 6700 6706 6714 6720 6728 6739 6746 6749 6756 6786 6795 6805 6811 6814 6830 6833 6838 6849 6857 6880 6892 6899 6912 6919 6935 6952 6974 6980 6993 6998 7011 7014 7017 7023 7026 7039 7056 7062 7069 7076 7084 7105 7112 7129 7135 7165 7184 7188 7191 7201 7210 7230 7234 7244 7261 7284 7294 7305 7326 7337 7341 7344 7349 7354 7366 7369 7374 7401 7410 7420 7427 7432 7449 7460 7472 7475 7482 7497 7509 7529 7563 7572 7601 7614 7618 7656 7659 7695 7760 7764 7777 7783 7788 7794 7800 7803 7809 7816 7821 7829 7834 7857 7863 7872 7891 7894 7907 7922 7925 7942 7947 7956 7962 7973 7985 7999 8011 8024 8038 8044 8060 8083 8091 8098 8135 8143 8166 8175 8218 8225 8229 8233 8240 8268 8272 8301 8325 8328 8345 8348 8351 8356 8370 8374 8384 8415 8435 8441 8459 8465 8488 8498 8503 8513 8530 8540 8552 8562 8576 8585 8596 8600 8603 8639 8645 8649 8685 8694 8699 8741 8752 8767 8773 8783 8790 8795 8799 8807 8817 8826 8831 8837 8848 8853 8863 8869 8876 8887 8903 8914 8929 8935 8942 8958 8964 8974 8988 9032 9070 9079 9088 9104 9112 9129 9137 9144 9147 9154 9158 9162 9165 9175 9189 9194 9208 9224 9241 9251 9254 9265 9268 9278 9281 9293 9300 9319 9322 9329 9338 9342 9359 9363 9369 9380 9385 9391 9400 9414 9449 9458 9472 9506 9518 9520 9527 9532 9534 9543 9567 9590 9600 9609 9622 9625 9639 9643 9647 9673 9700 9717 9723 9737 9744 9747 9750 9766 9776 9795 9805 9811 9820 9823 9830 9844 9859 9873 9892 9900 9905 9919 9927 9935 9947 9962 9980 9986 10002 10010 10018 10027 10032 10035 10042 10046 10061 10068 10082 10087 10093 10098 10119 10128 10131 10154 10163 10168 10201 10204 10226 10230 10244 10278 10282 10290 10300 10313 10318 10335 10344 10356 10368 10400 10419 10478 10493 10497 10530 
rapana Mir.txt 1 1574 
left Mir.txt 9 1251 2227 5410 5738 5836 6970 7087 7247 8535 
departed Mir.txt 5 6676 6898 6902 8164 8393 
rotated Mir.txt 2 1966 2021 
assigned Mir.txt 2 4017 9539 
human Mir.txt 6 109 148 174 3071 5861 8722 
previous Mir.txt 3 70 4654 5748 
radiometers Mir.txt 1 1764 
ham Mir.txt 2 4006 7552 
27th Mir.txt 1 824 
had Mir.txt 36 64 498 578 772 1213 1342 1851 1995 2014 2239 2255 2343 2817 3386 3824 3996 4697 4774 4831 4895 5019 5072 5350 5736 6778 6790 6800 6873 8246 8406 8759 9013 9612 9658 9753 9787 
occupants Mir.txt 1 400 
spacecrafts Mir.txt 1 9163 
cognac Mir.txt 1 5023 
board Mir.txt 7 2292 2683 3687 3847 4062 4080 6109 
save Mir.txt 1 4750 
5b Mir.txt 1 739 
breaks Mir.txt 1 8077 
progressed Mir.txt 1 3330 
possible Mir.txt 3 2672 4117 9831 
possibly Mir.txt 1 8455 
background Mir.txt 1 10271 
shadow Mir.txt 2 2017 2038 
burns Mir.txt 1 8619 
movie Mir.txt 1 8463 
occurring Mir.txt 1 6703 
vdu Mir.txt 3 1469 1526 2613 
complexs Mir.txt 1 9626 
performing Mir.txt 1 9382 
51 Mir.txt 1 5500 
50 Mir.txt 1 1930 
specific Mir.txt 2 1399 1709 
earth-like Mir.txt 1 3127 
night Mir.txt 1 3858 
towards Mir.txt 1 4806 
aimed Mir.txt 1 2659 
slept Mir.txt 1 10532 
right Mir.txt 1 3165 
orlan-m Mir.txt 1 7620 
shuttles Mir.txt 5 2494 6308 6628 9289 9364 
people Mir.txt 1 5356 
manual Mir.txt 3 7766 9119 10071 
successfully Mir.txt 1 7318 
haigner Mir.txt 2 7470 8280 
porthole Mir.txt 1 4823 
chromosomes Mir.txt 1 10336 
euromir Mir.txt 1 410 
tracked Mir.txt 1 1978 
for Mir.txt 104 10 124 144 170 195 222 279 690 791 810 822 1114 1403 1619 1652 1749 1892 2027 2616 2645 2697 2770 2794 2999 3131 3319 3467 3471 3514 3614 3671 3766 3779 3787 3828 3879 3932 4047 4083 4118 4212 4456 4569 4826 4884 5026 5142 5157 5303 5310 5491 5513 5535 5668 5676 5894 5926 6020 6206 6219 6235 6255 6305 6329 6438 6576 6882 6964 7075 7179 7216 7221 7272 7539 7546 7961 8002 8217 8250 8358 8408 8449 8456 8490 8557 8763 8779 8820 8839 8890 8902 8906 9191 9249 9253 9348 9515 9566 9661 9669 9971 9989 10004 10316 
collect Mir.txt 1 4683 
opposite Mir.txt 1 6154 
everything Mir.txt 1 10435 
outstation Mir.txt 1 4264 
orbited Mir.txt 1 10425 
treadmill Mir.txt 2 4306 4447 
421 Mir.txt 1 333 
spaceflights Mir.txt 2 8723 8730 
participation Mir.txt 1 3213 
mircorp Mir.txt 1 8472 
core Mir.txt 31 253 518 1053 1203 1406 1544 1649 1855 1867 2113 2138 2349 2506 2719 2811 3171 3708 4402 4413 4489 4737 4811 4993 5384 5389 6893 8774 8808 8854 8870 10314 
cash-strapped Mir.txt 1 6543 
burn Mir.txt 1 8650 
8.3-short-ton Mir.txt 1 613 
sts-79 Mir.txt 3 3700 7502 8746 
sts-71 Mir.txt 2 7164 7311 
sts-76 Mir.txt 1 7406 
permitted Mir.txt 1 9765 
sts-74 Mir.txt 4 292 1233 2298 7373 
months Mir.txt 6 5226 6966 7102 7570 8335 8492 
ensure Mir.txt 3 2000 4525 9325 
horizon Mir.txt 1 2531 
eight Mir.txt 1 8409 
efforts Mir.txt 1 7827 
automatically Mir.txt 3 1041 9060 9109 
raised Mir.txt 2 1882 6745 
presence Mir.txt 2 149 5862 
tube-like Mir.txt 1 4723 
rotations Mir.txt 1 8892 
uncontrolled Mir.txt 2 7709 9686 
accommodate Mir.txt 2 675 6191 
ussr Mir.txt 3 382 6420 6692 
fan-driven Mir.txt 1 4497 
1990s Mir.txt 7 2834 2855 3315 3418 5035 9279 9674 
reducing Mir.txt 2 1561 6026 
crewa Mir.txt 1 3022 
altitude Mir.txt 5 337 2394 2452 2467 2912 
constantly Mir.txt 1 2450 
sunlight Mir.txt 1 1939 
puffiness Mir.txt 1 4372 
authorized Mir.txt 1 476 
way Mir.txt 2 3613 4159 
crews Mir.txt 19 104 221 3929 3965 4739 4830 4915 5005 5188 5229 5265 5792 6693 6797 7817 9853 10232 10327 10531 
resulted Mir.txt 2 3244 9160 
vacated Mir.txt 1 6891 
was Mir.txt 177 24 48 55 76 130 157 193 258 284 309 322 356 383 417 432 439 448 475 513 603 657 688 802 829 848 912 930 949 1094 1104 1182 1226 1497 1527 1535 1575 1609 1704 1754 1776 1790 1794 1820 1876 1936 2129 2174 2216 2263 2324 2337 2354 2406 2474 2489 2519 2535 2544 2637 2667 2712 2787 2858 2865 2918 2941 2951 2961 3002 3059 3103 3113 3185 3214 3354 3564 3636 3758 3773 3849 3898 4037 4064 4081 4177 4395 4417 4518 4550 4573 4606 4617 4625 4646 4688 4704 4709 4868 4916 4941 4986 5122 5178 5192 5308 5424 5520 5617 5639 5655 5696 5752 5770 5779 5834 5872 5969 5997 6056 6099 6129 6148 6176 6224 6240 6345 6412 6458 6487 6598 6713 6826 6921 6928 6942 6959 6976 6982 7065 7079 7275 7378 7398 7590 7731 8028 8322 8353 8365 8377 8510 8521 8546 8599 8615 8748 8814 8928 9018 9028 9062 9114 9182 9200 9245 9355 9413 9491 9512 9571 9593 9675 9782 9816 9929 10052 10284 
metabolism Mir.txt 1 3072 
amateur Mir.txt 3 4009 4025 7553 
becoming Mir.txt 1 7325 
fore Mir.txt 1 8768 
aperture Mir.txt 1 1732 
eo-5eo-27 Mir.txt 1 5339 
orbiters Mir.txt 3 1238 7986 9311 
solar Mir.txt 11 1907 1941 2067 2311 5980 7714 7774 9334 9346 10156 10498 
removed Mir.txt 3 3060 3084 4700 
220 Mir.txt 3 2420 8569 8608 
arrays Mir.txt 20 314 1908 1913 1942 1965 2005 2019 2055 2068 2101 2184 2238 2262 2285 7715 7775 9335 9347 10157 10499 
inside Mir.txt 5 3720 5112 6058 8182 9813 
attached Mir.txt 4 315 1184 2204 4591 
maximum Mir.txt 1 2058 
m-42 Mir.txt 1 8429 
3.5 Mir.txt 1 2169 
panels Mir.txt 4 2166 2222 4778 5110 
m-40 Mir.txt 1 8199 
long-distance Mir.txt 2 7684 10090 
tonne Mir.txt 1 5937 
proved Mir.txt 2 4658 6539 
ship Mir.txt 1 857 
constructed Mir.txt 2 3388 9565 
eventual Mir.txt 1 6549 
no Mir.txt 5 1177 1350 4832 6939 8536 
telemetry Mir.txt 1 2745 
setting Mir.txt 1 7009 
role Mir.txt 1 8805 
investigations Mir.txt 1 7930 
digital Mir.txt 1 740 
test Mir.txt 6 903 6617 6666 7617 7686 7762 
smell Mir.txt 2 5120 9825 
roll Mir.txt 1 2617 
2500 Mir.txt 1 890 
node Mir.txt 7 973 1056 1103 1128 1209 1870 3712 
picture Mir.txt 2 10040 10051 
models Mir.txt 2 8920 9067 
juices Mir.txt 1 5011 
felt Mir.txt 1 4132 
orbiter Mir.txt 3 1239 7202 7342 
diet Mir.txt 1 4940 
fell Mir.txt 2 2829 8697 
transfers Mir.txt 1 9387 
billion Mir.txt 1 461 
fastened Mir.txt 1 4512 
telescopic Mir.txt 1 1662 
modules Mir.txt 43 267 303 319 568 614 621 639 680 995 1054 1154 1174 1390 1427 1440 1488 1695 1856 1868 1873 1947 2350 2588 2610 2705 4994 5415 5628 5890 5939 6187 6467 6894 7784 8371 8809 8871 9205 9563 10037 10155 10307 10485 
daily Mir.txt 3 4247 4260 10263 
time Mir.txt 16 74 821 2235 3843 3851 3964 4092 4665 5060 6853 7456 8338 9392 9421 9735 10363 
serious Mir.txt 1 6940 
unlaunched Mir.txt 1 6463 
activated Mir.txt 1 3086 
functioned Mir.txt 2 1408 8898 
hold Mir.txt 3 1599 2266 2555 
zone Mir.txt 1 3844 
graph Mir.txt 1 2390 
april Mir.txt 7 854 5326 5694 5774 5799 5830 8476 
environment Mir.txt 4 2940 2950 5156 10280 
grappled Mir.txt 1 1859 
permanently Mir.txt 1 10140 
weakening Mir.txt 1 4353 
suffered Mir.txt 1 9652 
protective Mir.txt 2 10393 10396 
federation Mir.txt 1 3456 
choice Mir.txt 1 6216 
fatigued Mir.txt 1 4141 
governments Mir.txt 1 3219 
perceived Mir.txt 2 2934 2959 
hour Mir.txt 4 3907 3922 6845 6885 
level Mir.txt 3 2922 3123 10405 
did Mir.txt 4 3814 4108 4154 7466 
valentin Mir.txt 1 800 
team Mir.txt 1 9537 
quick Mir.txt 2 7797 8909 
lever Mir.txt 1 4530 
propellant Mir.txt 2 1565 8207 
glushko Mir.txt 1 801 
tks Mir.txt 3 684 1191 5943 
prevent Mir.txt 1 4388 
says Mir.txt 2 9740 9779 
sign Mir.txt 1 6717 
05:08 Mir.txt 1 8660 
cost Mir.txt 1 443 
nadi Mir.txt 1 8680 
port Mir.txt 16 587 1050 1083 1091 1146 1858 6143 6153 6619 6896 8792 8797 8811 8813 8873 9244 
educational/entertainment Mir.txt 1 9597 
cargo Mir.txt 11 1376 1641 5749 8822 8894 8967 9012 9041 9220 9376 9389 
micro-organisms Mir.txt 2 5047 5071 
uniform Mir.txt 1 10286 
sequential Mir.txt 1 5195 
international Mir.txt 11 86 404 3096 3160 3523 3551 3630 5375 5807 8234 8531 
boost Mir.txt 1 2473 
filled Mir.txt 1 10001 
supporting Mir.txt 1 3761 
processing Mir.txt 2 834 2675 
explosion Mir.txt 1 10445 
depressurisation Mir.txt 2 4863 7792 
french Mir.txt 2 6566 7467 
water Mir.txt 9 2994 3016 4612 4622 4684 4751 4768 6022 8982 
pause Mir.txt 1 8638 
congestion Mir.txt 1 4366 
alone Mir.txt 1 2721 
along Mir.txt 3 6349 6985 9030 
supplying Mir.txt 2 2243 2359 
cgy Mir.txt 1 10242 
noticeable Mir.txt 1 9784 
healthy Mir.txt 1 9706 
funded Mir.txt 1 8467 
commonly Mir.txt 1 3752 
women Mir.txt 1 4599 
drogue Mir.txt 2 965 1142 
usually Mir.txt 3 4626 5004 9107 
437 Mir.txt 1 180 
ipa Mir.txt 1 18 
useful Mir.txt 2 6294 6540 
extra Mir.txt 1 9204 
storms Mir.txt 1 10529 
eo-10 Mir.txt 1 6402 
zalyotin Mir.txt 1 8483 
marked Mir.txt 3 1303 5855 5879 
illumination Mir.txt 1 2002 
sts-63 Mir.txt 1 7174 
should Mir.txt 1 10542 
crisis Mir.txt 1 10150 
working Mir.txt 4 4090 4236 7270 9406 
visit Mir.txt 4 3175 4755 6564 8934 
france Mir.txt 2 3224 5819 
manoeuvre Mir.txt 1 7024 
andy Mir.txt 1 8033 
april16 Mir.txt 1 5342 
films Mir.txt 1 4046 
itineraries Mir.txt 1 4072 
labyrinth Mir.txt 1 3728 
flying Mir.txt 5 6582 7049 7173 7471 7627 
acceptable Mir.txt 1 10404 
assimilation Mir.txt 1 4978 
long Mir.txt 5 646 1612 1688 2165 2183 
degrade Mir.txt 1 5097 
effort Mir.txt 2 367 7852 
tm-14 Mir.txt 1 6489 
edible Mir.txt 1 4747 
collision Mir.txt 5 4856 7678 7723 9907 10047 
originally Mir.txt 4 604 2083 2365 5640 
cap Mir.txt 1 7997 
androgynous Mir.txt 2 6268 9229 
modified Mir.txt 5 2264 6588 8582 9089 9302 
incidents Mir.txt 2 7946 9923 
can Mir.txt 2 5093 10331 
believed Mir.txt 1 4176 
making Mir.txt 3 4185 5361 9771 
metal Mir.txt 1 5098 
boris Mir.txt 2 3436 6517 
dedicated Mir.txt 1 9492 
citizens Mir.txt 1 6443 
stream Mir.txt 1 4543 
december Mir.txt 1 6002 
27,700 Mir.txt 2 345 2437 
1980s Mir.txt 2 3288 4023 
spk Mir.txt 1 1472 
performed Mir.txt 4 2476 2490 4196 7635 
allowed Mir.txt 2 1554 3193 
capsules Mir.txt 1 9048 
237 Mir.txt 1 2151 
conversely Mir.txt 1 2673 
232 Mir.txt 1 2429 
spacewalking Mir.txt 3 1136 1654 10506 
rays Mir.txt 1 10221 
dress Mir.txt 1 7214 
tm-19 Mir.txt 2 7060 7133 
1 Mir.txt 24 1156 1169 1339 1520 1582 2133 2197 2232 2332 2360 2378 3155 5393 5608 5638 5688 6682 7090 8319 8788 8858 8952 9214 9890 
immune Mir.txt 2 4356 10345 
pure Mir.txt 1 3142 
one-metre Mir.txt 1 6039 
soyuz-t Mir.txt 2 712 8932 
140 Mir.txt 2 5075 8571 
may Mir.txt 5 886 2334 5485 6120 10398 
spacesuits Mir.txt 1 10514 
eighty Mir.txt 1 1291 
5.2 Mir.txt 1 10241 
crashed Mir.txt 1 7781 
produce Mir.txt 2 4629 5094 
designed Mir.txt 8 1396 1795 2258 3774 4942 6275 9236 9660 
date Mir.txt 2 846 8271 
such Mir.txt 17 406 1336 1378 2879 3073 3150 3222 3742 4981 6716 8842 9837 9903 10377 10495 10509 10528 
data Mir.txt 6 2748 2824 6636 6656 9476 10407 
stress Mir.txt 2 4146 4170 
natural Mir.txt 2 10270 10472 
succeeded Mir.txt 2 83 7732 
long-range Mir.txt 1 9155 
sv Mir.txt 1 10259 
so Mir.txt 8 1885 2664 2687 4595 6870 7118 8997 10348 
glancing Mir.txt 2 7020 9906 
sofora Mir.txt 6 1467 1499 1533 1579 2622 8317 
afanasyev Mir.txt 1 8277 
vika Mir.txt 6 3054 7671 9861 9893 9949 9963 
kurs Mir.txt 7 750 6750 6764 8866 8878 9084 10100 
michel Mir.txt 1 6568 
typical Mir.txt 1 3877 
repair Mir.txt 3 6195 8495 9585 
fifteen-year Mir.txt 1 207 
years Mir.txt 12 203 1451 2079 3782 3832 4228 5053 5159 8414 9641 9663 10277 
stability Mir.txt 1 2698 
course Mir.txt 3 1295 3677 10245 
experiments Mir.txt 12 106 1271 1623 1712 1752 2676 5555 6238 7842 8110 8195 8309 
still Mir.txt 1 841 
supplemented Mir.txt 1 5262 
chips Mir.txt 1 5966 
amounted Mir.txt 1 9408 
toru Mir.txt 7 2901 6771 7685 7769 9122 9133 10070 
offers Mir.txt 1 3129 
decreased Mir.txt 1 4343 
main Mir.txt 12 1023 1606 3180 3270 4783 5165 7145 8071 8419 8657 8709 9436 
fourteen-year Mir.txt 1 8962 
finance Mir.txt 1 6461 
3 Mir.txt 6 6318 6391 7031 7166 7360 9092 
lunch Mir.txt 2 3913 3926 
refrigerated Mir.txt 1 4918 
half Mir.txt 2 202 6883 
arriving Mir.txt 1 1872 
now Mir.txt 3 5753 5892 9523 
down Mir.txt 2 8423 10172 
14.7 Mir.txt 1 3116 
csv Mir.txt 1 10256 
name Mir.txt 1 6218 
m-18 Mir.txt 1 6890 
january Mir.txt 7 6595 6672 6949 6973 7584 8052 9917 
flown Mir.txt 2 2287 6482 
dish-like Mir.txt 1 1738 
entirely Mir.txt 1 3357 
repaired Mir.txt 1 9763 
unloaded Mir.txt 2 5470 9015 
en Mir.txt 1 6339 
retrieve Mir.txt 1 8308 
prompted Mir.txt 1 3402 
baturin Mir.txt 1 8162 
astrophysical Mir.txt 1 5680 
begun Mir.txt 1 2217 
year Mir.txt 1 2471 
globules Mir.txt 1 4769 
intended Mir.txt 5 1591 2191 2366 3565 9201 
canada Mir.txt 1 3414 
living Mir.txt 3 1411 7268 9404 
accomplish Mir.txt 1 2510 
container Mir.txt 2 4561 4724 
opened Mir.txt 1 7175 
space Mir.txt 90 8 26 52 87 128 151 241 289 375 390 421 492 496 666 678 693 811 1229 1311 1331 1434 1457 2294 2493 2885 3097 3189 3210 3295 3350 3398 3442 3466 3475 3485 3495 3517 3524 3592 3599 3606 3617 3631 3657 3670 4216 4473 4481 4503 4703 4781 4787 4844 4906 5077 5091 5376 5864 6307 6455 6627 6646 7001 7051 7114 7157 7170 7196 7271 7301 7542 7611 7712 8235 8532 8716 8742 9197 9288 9309 9395 9508 9574 9627 9689 9724 9748 10055 10194 10431 
tensions Mir.txt 1 6375 
contained Mir.txt 1 6204 
dioxide Mir.txt 3 764 3058 4894 
proton-k Mir.txt 3 989 1036 1454 
40-day Mir.txt 1 5960 
yury Mir.txt 1 4789 
older Mir.txt 1 5080 
1133 Mir.txt 1 10258 
hull Mir.txt 3 6937 8016 10292 
mechanisms Mir.txt 1 2551 
yuri Mir.txt 4 455 5718 8121 8161 
training Mir.txt 1 6999 
tm-29 Mir.txt 2 8284 8391 
tm-28 Mir.txt 2 8158 8300 
tm-25 Mir.txt 2 7640 7825 
tm-24 Mir.txt 2 7479 8734 
tm-27 Mir.txt 2 8050 8174 
tm-21 Mir.txt 1 7243 
tm-20 Mir.txt 1 7141 
tm-23 Mir.txt 1 7386 
turn Mir.txt 2 8380 10145 
place Mir.txt 3 7418 7521 8593 
aboard Mir.txt 22 1228 3998 4221 4237 4310 4476 5090 6314 6405 6817 7277 7300 7384 7441 7457 7477 7493 7579 7663 7982 8021 10151 
510 Mir.txt 1 5002 
think Mir.txt 1 4241 
first Mir.txt 33 50 132 245 923 1316 1333 2099 2305 3641 4511 5422 5445 5619 5663 5806 5933 6123 6479 6715 7040 7192 7235 7306 7327 7411 7433 7602 7615 7929 8230 8460 8553 9928 
initial Mir.txt 2 5683 6707 
surviving Mir.txt 1 9005 
striking Mir.txt 2 9164 10124 
comprised Mir.txt 1 1362 
long-duration Mir.txt 7 3281 3577 3680 5185 5791 7439 7547 
directly Mir.txt 4 316 2607 2800 9313 
spectrometer Mir.txt 1 5562 
carry Mir.txt 4 918 2260 7081 7436 
array Mir.txt 4 1989 2277 2312 5981 
almaz Mir.txt 3 664 749 5947 
george Mir.txt 2 3429 6522 
zvezda Mir.txt 1 8245 
engineer Mir.txt 1 7880 
earths Mir.txt 5 2016 2916 3106 8080 10205 
given Mir.txt 2 3822 5193 
checked Mir.txt 1 5466 
structured Mir.txt 1 4065 
plastic Mir.txt 2 4678 4732 
cooling Mir.txt 1 9751 
2 Mir.txt 20 1001 1480 1597 1769 1832 2145 2155 3312 3378 4406 4493 4644 5931 5955 5968 5991 6004 6156 6409 8117 
moisture Mir.txt 1 4772 
mock-ups Mir.txt 1 3332 
structures Mir.txt 1 1269 
national Mir.txt 1 3596 
williams Mir.txt 1 4226 
girder Mir.txt 5 1468 1500 1573 1584 2623 
that Mir.txt 46 28 515 606 831 1118 1392 1690 1713 1718 1886 2012 2342 2652 2871 3024 3535 3797 4099 4130 4149 4174 4193 4450 4463 4773 4865 4870 5088 5096 6083 6101 6979 7078 8124 8261 8324 8502 9184 9412 9420 9726 9741 9764 9780 10000 10267 
rezonans Mir.txt 1 6668 
moscow Mir.txt 3 3850 9471 9579 
continuous Mir.txt 2 147 8403 
proving Mir.txt 1 8501 
rkk Mir.txt 1 9459 
released Mir.txt 2 725 10455 
02:01 Mir.txt 1 8629 
cosmonaut Mir.txt 6 1785 4416 4788 7042 7237 7624 
than Mir.txt 6 68 1321 2082 3138 6606 10312 
11 Mir.txt 3 4227 6074 7207 
10 Mir.txt 6 1927 2161 4423 6145 6179 6948 
television Mir.txt 1 8462 
12 Mir.txt 3 853 5317 5773 
15 Mir.txt 4 2179 5158 5450 8154 
14 Mir.txt 5 1513 1684 6965 6972 9991 
17 Mir.txt 3 479 6492 6513 
16 Mir.txt 5 927 2280 3870 5581 7506 
19 Mir.txt 4 943 982 2398 6504 
18 Mir.txt 2 183 9077 
transferred Mir.txt 2 4565 4609 
10:00 Mir.txt 1 3901 
future Mir.txt 2 8004 8526 
venture Mir.txt 1 6537 
were Mir.txt 74 270 401 672 724 777 997 1112 1276 1683 1714 1837 2020 2046 2070 2109 2190 2203 2223 2242 2286 2601 2624 2634 2761 3083 3307 3392 3806 3855 3941 3966 4016 4087 4106 4479 4556 4564 4740 4762 4922 4970 5040 5048 5106 5131 5260 5409 5891 6090 6265 6285 6293 6867 7357 7388 8421 8447 8844 8859 8969 8990 9002 9126 9274 9283 9446 9538 9564 9848 10023 10038 10084 10208 10233 
accessed Mir.txt 1 1699 
outcome Mir.txt 1 4179 
russia Mir.txt 5 46 3370 3411 6705 8520 
and Mir.txt 305 43 54 114 140 182 190 200 262 304 332 338 376 411 427 468 521 547 588 632 634 637 709 713 722 728 744 761 812 840 869 874 966 1010 1037 1084 1159 1219 1234 1272 1340 1359 1474 1481 1534 1613 1656 1765 1775 1804 1835 1879 1929 1954 1977 1984 2072 2115 2134 2198 2225 2241 2336 2422 2441 2495 2530 2586 2611 2631 2663 2686 2722 2746 2752 2766 2769 2772 2780 2835 2883 2895 2977 2993 3012 3015 3018 3031 3043 3079 3134 3166 3208 3225 3325 3333 3337 3345 3413 3433 3453 3462 3488 3506 3579 3590 3598 3602 3646 3664 3733 3748 3803 3837 3872 3895 3910 3920 3927 3951 3981 3987 4014 4045 4052 4066 4084 4142 4160 4323 4351 4371 4404 4407 4427 4459 4491 4535 4598 4608 4671 4680 4701 4746 4759 4824 4882 4901 4954 4966 5009 5024 5100 5111 5144 5253 5279 5340 5386 5394 5437 5442 5465 5480 5503 5533 5552 5556 5678 5720 5751 5758 5789 5797 5816 5844 5888 5898 5904 5982 5992 6013 6023 6070 6147 6189 6247 6356 6366 6421 6444 6465 6473 6519 6545 6551 6555 6616 6711 6832 6854 6869 6897 6906 6967 7093 7117 7153 7220 7269 7281 7291 7347 7387 7488 7551 7556 7613 7643 7649 7687 7780 7790 7811 7843 7859 7867 7878 7905 7911 7932 7950 7989 8027 8068 8103 8111 8149 8189 8278 8310 8367 8381 8392 8418 8433 8484 8628 8641 8656 8691 8715 8726 8755 8758 8769 8829 8856 8865 8885 8893 8896 8985 8996 9024 9087 9169 9178 9215 9331 9344 9374 9378 9405 9442 9503 9561 9589 9611 9635 9671 9690 9759 9791 9807 9826 9877 9910 9993 10079 10092 10121 10126 10135 10173 10190 10222 10299 10330 10347 10395 10410 10441 10463 10486 10526 
mated Mir.txt 2 1235 1791 
remained Mir.txt 5 3784 5267 5534 8105 9576 
locations Mir.txt 1 2845 
sfog Mir.txt 3 3048 9865 9961 
slag Mir.txt 1 10449 
breakfast Mir.txt 1 3896 
occupied Mir.txt 5 194 1149 2346 5309 6868 
any Mir.txt 2 69 10349 
warsaw Mir.txt 1 3201 
exploratory Mir.txt 1 9607 
efficient Mir.txt 1 4115 
washbasin Mir.txt 1 4728 
veteran Mir.txt 1 7035 
shocked Mir.txt 1 9818 
equipment Mir.txt 14 1422 1746 1759 1830 5114 5919 6230 6254 7222 7288 8987 9023 9557 10110 
take Mir.txt 2 7417 7519 
online Mir.txt 1 5464 
interior Mir.txt 1 3705 
performance Mir.txt 1 10088 
200 Mir.txt 1 6876 
begin Mir.txt 4 3420 4378 8209 10174 
maneuvering Mir.txt 2 1816 6054 
norman Mir.txt 1 7238 
normal Mir.txt 2 3107 10188 
price Mir.txt 1 6747 
incidence Mir.txt 1 10388 
rehearsal Mir.txt 1 7215 
visitors Mir.txt 3 3683 5126 5808 
supremely Mir.txt 1 4202 
america Mir.txt 2 3452 7290 
osteopenia Mir.txt 1 4330 
especially Mir.txt 2 9783 10375 
room Mir.txt 2 4694 9490 
considered Mir.txt 1 7952 
average Mir.txt 5 342 2415 2424 2434 8567 
later Mir.txt 19 44 998 1258 4229 4689 5371 6295 6529 6622 6766 6861 7097 7217 7251 7889 9356 9513 9640 9955 
steady Mir.txt 1 10217 
wing Mir.txt 1 9629 
needles Mir.txt 1 10462 
sunita Mir.txt 1 4225 
professional Mir.txt 1 4203 
atlantic Mir.txt 1 10228 
spaced Mir.txt 1 4971 
show Mir.txt 1 3994 
interkosmos Mir.txt 1 3184 
commitments Mir.txt 1 8528 
drawings Mir.txt 3 723 3746 3980 
scarce Mir.txt 1 10409 
soviets Mir.txt 1 3306 
line Mir.txt 1 7109 
ground Mir.txt 6 902 2803 4075 4292 6029 6796 
proportion Mir.txt 1 10161 
behind Mir.txt 3 1254 4776 5109 
only Mir.txt 10 1107 1821 1968 3227 3380 7100 7796 8875 8930 8970 
going Mir.txt 3 4242 4255 4271 
deployed Mir.txt 3 2842 3481 3492 
equipped Mir.txt 17 527 1105 1839 2788 4039 4396 4519 4729 6226 6241 6599 8815 8860 8992 9074 9082 9115 
parabolic Mir.txt 1 1601 
get Mir.txt 2 5079 5085 
tsibliyev Mir.txt 3 3168 7626 7648 
soon Mir.txt 2 6907 7389 
nearly Mir.txt 2 3355 5455 
deploy Mir.txt 1 8311 
prime Mir.txt 1 3508 
kaleri Mir.txt 2 7490 8486 
held Mir.txt 1 141 
thermal Mir.txt 2 6085 6198 
worried Mir.txt 1 9828 
predicted Mir.txt 1 2026 
where Mir.txt 4 1092 4615 4996 9619 
communicated Mir.txt 1 2799 
filters Mir.txt 1 3088 
seat Mir.txt 1 4516 
us Mir.txt 23 288 1814 2492 3404 3500 3595 3672 4848 6052 6306 6520 6626 7047 7236 7328 7392 7413 7450 7524 7948 8040 9287 9601 
eliminating Mir.txt 1 1414 
seal Mir.txt 2 4528 8010 
impressions Mir.txt 1 5128 
concern Mir.txt 2 7960 9850 
subcontracted Mir.txt 1 697 
federal Mir.txt 3 389 3605 6454 
alarming Mir.txt 1 9922 
opening Mir.txt 1 1326 
representatives Mir.txt 1 3364 
outside Mir.txt 4 914 1741 7938 8191 
roskosmos Mir.txt 5 3608 6457 6544 8119 8259 
between Mir.txt 15 188 327 2537 2750 2775 3447 3586 5276 5755 5793 9328 9875 9908 10306 10372 
balandin Mir.txt 1 6072 
molds Mir.txt 1 5039 
arrival Mir.txt 7 1122 2499 2702 5477 5928 5952 7367 
august Mir.txt 6 575 5337 6319 8155 8171 8397 
refine Mir.txt 1 8434 
deliver Mir.txt 1 9203 
realised Mir.txt 1 9276 
reseat Mir.txt 1 8185 
jr Mir.txt 1 3505 
guitar Mir.txt 1 3750 
spare Mir.txt 1 3963 
article Mir.txt 8 3 3181 3271 4784 5166 7146 8072 9437 
tsup Mir.txt 6 2758 2894 9438 9439 9467 9981 
tug Mir.txt 2 1187 1217 
strela Mir.txt 2 1476 1640 
stages Mir.txt 2 8551 10440 
missions Mir.txt 7 3212 3235 3282 3659 7219 9102 9445 
many Mir.txt 3 3763 7839 10464 
according Mir.txt 2 4068 9975 
enabling Mir.txt 1 6610 
s Mir.txt 19 91 510 662 808 971 1552 1952 2910 2974 3710 6865 7228 7718 8015 8213 8525 8544 9333 9697 
fix Mir.txt 1 5727 
nearby Mir.txt 1 6839 
cancer Mir.txt 1 10329 
150 Mir.txt 1 9053 
period Mir.txt 8 1448 2076 5275 5802 6381 6686 8963 9937 
29 Mir.txt 2 5914 7323 
60 Mir.txt 1 2043 
maintained Mir.txt 3 323 2407 2545 
64 Mir.txt 1 9100 
confirmed Mir.txt 1 8260 
constant Mir.txt 3 2926 9680 9767 
late Mir.txt 2 3808 4022 
unusual Mir.txt 1 6977 
capable Mir.txt 1 3759 
mounting Mir.txt 2 1617 1780 
tm-30 Mir.txt 1 8469 
attaching Mir.txt 1 4837 
collided Mir.txt 1 7772 
combined Mir.txt 1 9424 
peaceful Mir.txt 1 3468 
cords Mir.txt 1 4441 
prototype Mir.txt 2 1587 8313 
engine Mir.txt 1 8658 
enable Mir.txt 1 566 
offered Mir.txt 1 2932 
formed Mir.txt 3 4770 4896 6452 
igla Mir.txt 2 8864 9076 
reaching Mir.txt 1 5145 
photos Mir.txt 1 3744 
observe Mir.txt 1 3973 
wake Mir.txt 1 4879 
minister Mir.txt 1 3509 
08:00 Mir.txt 1 3887 
parazynski Mir.txt 1 7990 
spirit Mir.txt 1 3583 
those Mir.txt 1 2605 
case Mir.txt 1 9124 
developing Mir.txt 2 121 10328 
these Mir.txt 11 620 2307 2707 4119 4376 4391 7928 7945 9272 10339 10467 
mount Mir.txt 2 1517 2329 
valeri Mir.txt 3 177 5219 6956 
bania Mir.txt 1 4640 
russian-built Mir.txt 1 7619 
ongoing Mir.txt 2 703 6395 
1100 Mir.txt 1 888 
cancelled Mir.txt 1 3356 
valery Mir.txt 1 7486 
aluminium Mir.txt 1 4560 
oxygen-deprived Mir.txt 1 4881 
orientation Mir.txt 2 2515 2739 
eventually Mir.txt 5 3520 4696 7086 9592 9667 
coffee Mir.txt 1 5008 
sleeping Mir.txt 3 4779 4817 4839 
good Mir.txt 2 4454 4527 
protein Mir.txt 1 4949 
everyday Mir.txt 1 3740 
movements Mir.txt 1 968 
bags Mir.txt 1 4554 
different Mir.txt 6 1166 1439 2795 5070 5355 5359 
u1mir Mir.txt 1 4013 
develop Mir.txt 1 5089 
doctor Mir.txt 1 4164 
media Mir.txt 2 3690 10547 
tour Mir.txt 1 3693 
same Mir.txt 4 1016 3119 4603 9209 
compiling Mir.txt 1 8112 
pad Mir.txt 1 6831 
progress-m1 Mir.txt 1 9090 
00:32 Mir.txt 1 8626 
extended Mir.txt 3 1678 3247 6177 
booths Mir.txt 1 4804 
leonid Mir.txt 1 5440 
boosted Mir.txt 1 2463 
assist Mir.txt 3 1625 1797 6996 
director Mir.txt 2 454 8120 
running Mir.txt 1 7912 
fruit Mir.txt 1 5010 
changing Mir.txt 1 2393 
mothballed Mir.txt 1 8378 
booster Mir.txt 1 7077 
breakdowns Mir.txt 1 9842 
tracking Mir.txt 2 2840 6731 
largely Mir.txt 2 1409 3952 
walls Mir.txt 1 10033 
severe Mir.txt 1 7661 
without Mir.txt 5 3833 4184 5411 9110 10200 
flakes Mir.txt 1 10448 
relief Mir.txt 1 6311 
components Mir.txt 5 277 307 1265 1493 1708 
masks Mir.txt 1 10020 
model Mir.txt 5 487 860 904 5543 9081 
researchers Mir.txt 1 4448 
charged Mir.txt 1 1955 
aborted Mir.txt 1 6130 
recycles Mir.txt 1 3025 
being Mir.txt 12 506 778 1314 1723 2579 2964 3834 5137 5293 6733 10139 10310 
generally Mir.txt 2 2475 5222 
actions Mir.txt 1 7798 
recycled Mir.txt 1 4618 
micrometeoroids Mir.txt 2 10473 10500 
speed Mir.txt 2 343 2435 
khrunichev Mir.txt 1 906 
blow Mir.txt 1 7021 
generator Mir.txt 3 9864 9954 9960 
reentry Mir.txt 5 6096 8666 8994 9006 9036 
except Mir.txt 1 278 
improvement Mir.txt 1 4648 
instrument Mir.txt 1 2654 
decompression Mir.txt 1 9171 
4 Mir.txt 3 2186 5341 8475 
samples Mir.txt 1 5036 
struck Mir.txt 1 7016 
scheduled Mir.txt 2 3652 5629 
psi Mir.txt 1 3117 
aspects Mir.txt 1 9631 
around Mir.txt 15 969 1629 1669 1801 2846 3780 4897 4945 5224 8688 8703 9052 9972 9990 10005 
read Mir.txt 1 4051 
early Mir.txt 6 767 797 818 3287 3417 5378 
warehouse Mir.txt 1 9580 
grid Mir.txt 1 7566 
vacuum Mir.txt 1 7849 
confined Mir.txt 1 10378 
amp Mir.txt 1 1931 
blankets Mir.txt 2 6086 6199 
rear Mir.txt 3 4808 8796 8849 
meaning Mir.txt 1 1689 
photographs Mir.txt 1 6991 
u2mir Mir.txt 1 4015 
either Mir.txt 4 537 553 1453 6784 
served Mir.txt 2 96 7266 
stationary Mir.txt 1 4409 
twelve Mir.txt 3 199 2562 5358 
collapsible Mir.txt 1 2178 
exposed Mir.txt 2 10209 10234 
moving Mir.txt 3 1627 1653 1800 
pacific Mir.txt 2 8085 8701 
tm-15 Mir.txt 1 6674 
images Mir.txt 1 2656 
immovable Mir.txt 1 10039 
utc+03 Mir.txt 1 3852 
tube Mir.txt 1 4594 
fluids Mir.txt 1 8828 
restoring Mir.txt 1 6160 
assembly Mir.txt 4 467 958 976 1302 
scientific Mir.txt 3 2747 3734 5508 
power Mir.txt 16 308 1902 1949 2050 2094 2124 2246 6835 7565 7694 7696 7858 8187 9685 10149 10171 
malfunctioning Mir.txt 2 7670 10109 
manufactured Mir.txt 1 6753 
equivalent Mir.txt 4 4421 4430 6049 10252 
inspect Mir.txt 2 6934 7941 
communicate Mir.txt 1 4031 
broken Mir.txt 1 10024 
if Mir.txt 1 9587 
on Mir.txt 168 162 185 477 552 682 705 770 850 884 895 926 942 980 1033 1051 1067 1087 1189 1518 1529 1542 1580 1595 1760 1865 1909 1944 2060 2111 2131 2136 2200 2230 2291 2300 2319 2326 2330 2370 2376 2504 2642 2682 2717 2728 3094 3101 3110 3124 3283 3441 3686 3846 4028 4061 4079 4093 4152 4171 4230 4245 4249 4258 4262 4296 4304 4484 4649 4752 4845 5268 5405 5430 5449 5458 5483 5549 5571 5580 5596 5599 5611 5635 5692 5772 5825 5828 5851 5913 5941 5971 5988 6000 6028 6073 6087 6095 6108 6126 6144 6200 6317 6378 6390 6408 6491 6503 6512 6593 6637 6657 6670 6681 6694 6763 6852 6903 6930 6947 6962 6971 7030 7045 7050 7089 7163 7177 7314 7322 7359 7380 7415 7426 7501 7505 7528 7581 7716 7742 7776 7793 7799 8042 8059 8086 8106 8116 8153 8169 8285 8316 8318 8395 8424 8474 8631 8803 8846 9035 9207 9372 9703 9722 9736 9858 9930 10031 10273 
conducting Mir.txt 3 1287 2862 5573 
central Mir.txt 2 806 10342 
origins Mir.txt 1 472 
stations Mir.txt 40 399 493 497 517 546 572 1298 1301 1335 1356 1421 1694 2008 2384 2710 2738 3004 3811 4005 4656 5056 5078 5092 5289 6650 6936 7461 7564 7830 8219 8242 8416 8436 8563 8827 9901 10069 10164 10231 10291 
of Mir.txt 324 120 127 198 205 217 228 247 275 300 344 360 380 397 444 488 531 539 555 562 584 599 861 889 898 977 987 992 1123 1179 1201 1206 1282 1290 1296 1306 1310 1319 1346 1383 1437 1449 1506 1532 1564 1578 1588 1632 1647 1661 1692 1735 1756 1861 1896 1971 2003 2036 2042 2064 2077 2093 2120 2123 2271 2276 2306 2314 2395 2417 2426 2436 2454 2500 2516 2525 2549 2561 2583 2592 2680 2703 2838 2915 2920 2929 2936 2944 2958 3070 3146 3199 3220 3231 3237 3262 3323 3341 3348 3363 3376 3451 3464 3531 3549 3584 3622 3628 3678 3694 3703 3706 3717 3739 3760 3801 3864 3892 3908 3918 3923 4003 4043 4169 4180 4288 4317 4325 4339 4345 4354 4362 4373 4390 4422 4431 4471 4582 4809 4864 4889 4909 4930 4948 4952 4957 5022 5037 5046 5061 5068 5168 5174 5183 5190 5209 5212 5218 5231 5242 5299 5313 5507 5622 5626 5665 5685 5701 5709 5744 5746 5782 5785 5823 5848 5858 5882 5909 5929 5934 5953 6009 6050 6114 6163 6173 6185 6217 6245 6262 6334 6353 6371 6385 6425 6430 6509 6553 6640 6661 6690 6699 6709 6727 6730 6748 6780 6813 6841 6863 6992 7000 7028 7058 7071 7131 7169 7194 7209 7368 7485 7499 7633 7673 7691 7702 7763 7802 7840 7856 7865 7909 7924 7959 8074 8096 8101 8129 8146 8206 8227 8232 8274 8327 8350 8369 8402 8412 8443 8500 8568 8578 8584 8594 8602 8620 8644 8651 8684 8693 8721 8728 8772 8786 8798 8851 8916 8921 8948 8979 9004 9055 9068 9099 9146 9150 9157 9267 9292 9321 9361 9368 9384 9388 9390 9403 9426 9531 9584 9624 9642 9664 9684 9699 9746 9769 9822 9835 9843 9997 10017 10026 10034 10041 10067 10089 10095 10097 10162 10179 10203 10213 10219 10239 10246 10254 10281 10302 10326 10337 10370 10389 10430 10434 10492 
drag Mir.txt 2 2458 8559 
side Mir.txt 2 554 2063 
140-short-ton Mir.txt 1 3723 
journey Mir.txt 1 5494 
wolf Mir.txt 2 7981 8017 
toothpaste Mir.txt 2 4722 4748 
titov Mir.txt 1 7988 
destruction Mir.txt 1 8683 
backup Mir.txt 4 523 3056 9860 9948 
or Mir.txt 22 22 219 255 1456 1788 2567 2648 2874 2946 2983 4000 4114 4328 4725 4919 5186 5233 5414 6793 7902 9468 10257 
communication Mir.txt 2 2774 2791 
involvement Mir.txt 1 3253 
your Mir.txt 1 4297 
astp Mir.txt 1 7338 
her Mir.txt 2 4308 7444 
area Mir.txt 2 2108 2153 
removing Mir.txt 1 5766 
there Mir.txt 6 876 4478 5502 6825 8446 10426 
relocation Mir.txt 2 2215 9320 
faris Mir.txt 1 5810 
meals Mir.txt 1 4969 
start Mir.txt 1 5839 
low Mir.txt 3 31 10197 10420 
lot Mir.txt 1 4287 
gyrodines Mir.txt 2 6010 8417 
bubble Mir.txt 1 4888 
shower Mir.txt 4 4638 4674 4708 6916 
101.3 Mir.txt 1 3114 
illuminated Mir.txt 1 1937 
positioned Mir.txt 1 1864 
delayed Mir.txt 2 7066 8332 
ended Mir.txt 1 7495 
gore Mir.txt 1 3504 
technologies Mir.txt 1 122 
consumable Mir.txt 1 6787 
with Mir.txt 106 117 176 503 528 543 644 659 695 887 984 1064 1106 1349 1366 1388 1397 1706 1744 1778 1840 2085 2176 2278 2413 2789 2801 3153 3338 3397 3408 3477 3730 3798 3883 3971 4032 4040 4270 4397 4520 4585 4717 4730 4743 4857 4927 5083 5247 5251 5255 5263 5284 5391 5447 5547 5644 5690 5820 5902 5983 6037 6227 6242 6279 6327 6350 6600 6677 7111 7198 7252 7320 7332 7443 7496 7571 7679 7724 7773 8023 8032 8165 8296 8373 8497 8575 8617 8648 8736 8816 8861 8993 9020 9031 9075 9083 9116 9132 9143 9240 9393 9422 9517 9679 10048 10114 
featuring Mir.txt 1 4814 
post-soviet Mir.txt 2 3366 6380 
october Mir.txt 5 164 908 5867 6410 7126 
two-orbit Mir.txt 1 8637 
detailed Mir.txt 1 4071 
toilet Mir.txt 4 3030 4515 4584 4604 
vehicles Mir.txt 1 8968 
ah Mir.txt 1 2044 
6-hour Mir.txt 1 7936 
moved Mir.txt 1 2194 
al Mir.txt 1 3503 
general Mir.txt 1 453 
as Mir.txt 65 97 251 358 393 407 459 542 629 1337 1379 1410 1615 1753 2095 2447 2783 2880 2954 3053 3074 3120 3151 3223 3260 3299 3316 3547 3554 3737 3743 3762 3764 3789 3945 4161 4982 5076 5125 5199 5240 6046 6441 6448 6724 7183 7200 7212 7267 7465 7522 8458 8738 8899 9007 9212 9290 9470 9581 9904 9957 10153 10187 10480 10496 10508 
at Mir.txt 36 72 152 324 340 536 559 595 880 905 946 2432 2570 2660 2908 3121 3886 3936 5421 5521 5529 6140 6325 6398 6798 6829 6856 7586 8625 8659 8670 8676 9419 9548 9979 10418 10422 
lifetime Mir.txt 1 464 
cables Mir.txt 5 891 3732 7806 7913 8188 
again Mir.txt 2 5835 9808 
antenna Mir.txt 5 1466 1726 2807 2815 8315 
4.2 Mir.txt 1 460 
storage Mir.txt 3 1958 4825 6472 
event Mir.txt 1 8915 
rubber Mir.txt 1 5101 
shuttlemir Mir.txt 3 3272 3556 7147 
astronaut Mir.txt 9 3480 3793 4055 4205 6567 7525 7735 9694 9982 
you Mir.txt 3 4279 4283 4293 
trash Mir.txt 1 5733 
immunity Mir.txt 2 10358 10365 
2007 Mir.txt 1 9440 
kurs-equipped Mir.txt 1 8944 
low-gravity Mir.txt 1 4466 
collaborative Mir.txt 1 3422 
separate Mir.txt 3 2968 9066 9484 
drift Mir.txt 1 10176 
reused Mir.txt 1 4705 
important Mir.txt 1 4869 
planners Mir.txt 1 5408 
included Mir.txt 1 736 
kiev Mir.txt 1 6755 
resembled Mir.txt 1 3725 
condensation Mir.txt 1 3032 
remote Mir.txt 1 9118 
calls Mir.txt 1 8249 
acids Mir.txt 1 5095 
mass Mir.txt 3 67 4364 9425 
resolution Mir.txt 1 654 
original Mir.txt 1 9071 
external Mir.txt 4 1264 1492 1707 10551 
represent Mir.txt 1 4110 
all Mir.txt 10 274 775 1419 1691 2236 4085 4197 6862 7629 8938 
skeleton Mir.txt 1 4327 
caused Mir.txt 6 4861 5118 5962 7667 7699 10044 
elektron Mir.txt 4 758 3037 4633 9845 
lack Mir.txt 1 8128 
month Mir.txt 1 3770 
spacecraft Mir.txt 45 71 115 619 685 715 790 934 1192 1324 1377 2731 2870 4568 4860 5366 5413 5473 5944 6282 6589 6630 6643 6777 6850 6981 7015 7048 7085 7329 7335 7641 7666 8707 8712 8714 8757 8838 8880 8955 8989 9106 9138 9416 9481 10106 
debris Mir.txt 3 10192 10195 10432 
deadline Mir.txt 1 954 
ukrainian Mir.txt 1 6741 
cooperative Mir.txt 4 2310 3264 3616 6536 
reinhold Mir.txt 1 3163 
fixtures Mir.txt 1 1863 
cataracts Mir.txt 1 10390 
synthetic Mir.txt 1 1731 
serebrov Mir.txt 1 5900 
march16 Mir.txt 1 5318 
former Mir.txt 1 451 
to Mir.txt 340 36 61 212 272 317 368 420 483 565 569 580 611 674 698 702 786 814 856 865 900 917 1018 1021 1046 1062 1088 1095 1100 1120 1131 1134 1138 1143 1147 1185 1197 1236 1248 1279 1317 1369 1372 1385 1417 1485 1537 1567 1592 1598 1624 1644 1710 1728 1782 1796 1812 1828 1853 1894 1950 1996 1999 2022 2049 2192 2195 2247 2259 2265 2288 2339 2367 2461 2464 2497 2554 2596 2608 2620 2626 2669 2700 2735 2809 2820 2873 2889 3105 3176 3204 3218 3240 3291 3302 3309 3373 3406 3419 3439 3482 3493 3566 3571 3580 3768 3775 3819 3830 3860 3943 3954 3968 3978 3993 4018 4030 4050 4069 4097 4123 4135 4187 4243 4254 4256 4272 4379 4384 4387 4418 4442 4445 4501 4513 4524 4566 4579 4592 4610 4628 4660 4663 4667 4682 4749 4756 4764 4841 4936 4943 4963 4976 5074 5214 5295 5301 5398 5401 5416 5418 5426 5434 5495 5515 5578 5592 5630 5633 5642 5648 5657 5713 5726 6011 6132 6150 6167 6181 6190 6194 6253 6276 6341 6347 6416 6446 6460 6500 6541 6547 6583 6612 6614 6634 6644 6655 6759 6768 6837 6874 6933 6960 6983 6989 6995 7005 7043 7068 7080 7103 7108 7128 7161 7182 7283 7298 7330 7352 7400 7435 7518 7561 7577 7604 7616 7707 7808 7819 7847 7853 7868 7870 7921 7940 7954 7971 7976 7994 7998 8009 8057 8126 8131 8184 8192 8208 8211 8239 8248 8252 8294 8307 8336 8339 8343 8430 8452 8487 8493 8511 8517 8529 8538 8560 8565 8724 8731 8789 8824 8835 8884 8911 8924 8933 8957 8972 9039 9058 9141 9174 9202 9223 9237 9246 9260 9314 9324 9336 9340 9358 9377 9398 9409 9463 9479 9493 9498 9501 9505 9525 9542 9595 9615 9743 9761 9774 9794 9804 9854 9869 9940 9966 9976 10012 10074 10085 10108 10133 10137 10147 10170 10175 10181 10210 10235 10289 10294 10334 10343 10351 10355 10385 10402 10444 10471 10477 10489 10505 10517 10537 
flywheels Mir.txt 1 746 
program Mir.txt 4 3268 3273 7148 9569 
commander Mir.txt 1 7875 
health Mir.txt 1 9833 
nodes Mir.txt 1 1069 
tethered Mir.txt 1 4816 
activities Mir.txt 3 4086 4105 4120 
woman Mir.txt 1 4219 
worse Mir.txt 1 5086 
returning Mir.txt 4 5283 5577 6445 7576 
very Mir.txt 3 4252 9705 9827 
mph Mir.txt 2 348 2440 
solid-fuel Mir.txt 2 9862 9958 
fan Mir.txt 2 4534 4681 
fall Mir.txt 3 2928 3340 6429 
elena Mir.txt 1 7748 
difference Mir.txt 1 4269 
fourth Mir.txt 1 7510 
probe-and-drogue Mir.txt 1 6609 
list Mir.txt 4 5167 5173 8720 8727 
joined Mir.txt 1 7390 
large Mir.txt 7 1502 1600 1737 6035 8204 9995 10160 
reengaged Mir.txt 1 2635 
small Mir.txt 4 1586 6233 9758 10461 
programme Mir.txt 23 231 243 366 447 656 668 783 2486 3191 3476 3546 3557 3635 5948 6300 6534 6580 7957 9270 9296 9496 9644 9650 
ten Mir.txt 5 1450 3829 8413 9043 9480 
crashes Mir.txt 1 9682 
tea Mir.txt 1 5007 
self-contained Mir.txt 1 1522 
rate Mir.txt 2 2540 8439 
design Mir.txt 3 484 1313 3326 
pass Mir.txt 1 6984 
further Mir.txt 5 266 567 2144 2284 3615 
what Mir.txt 1 6527 
defence Mir.txt 1 813 
darkness Mir.txt 1 3865 
sun Mir.txt 4 1980 1982 2030 2528 
brief Mir.txt 1 6563 
version Mir.txt 3 5621 8583 9091 
movement Mir.txt 1 2681 
condensed Mir.txt 1 4775 
full Mir.txt 1 4562 
loose Mir.txt 2 6091 6197 
salyut Mir.txt 17 230 490 495 545 700 710 717 738 1338 1357 1360 4655 5438 5496 5511 5522 5645 
hours Mir.txt 5 184 3859 3891 3912 3917 
modular Mir.txt 2 51 3294 
operating Mir.txt 1 8347 
excess Mir.txt 1 4369 
november Mir.txt 4 2380 5973 7364 8222 
disorders Mir.txt 1 4350 
experience Mir.txt 1 3575 
koptev Mir.txt 2 456 8122 
amount Mir.txt 2 1563 8205 
supplements Mir.txt 1 4968 
moulds Mir.txt 3 5087 5103 5116 
m1-5s Mir.txt 2 8622 8653 
via Mir.txt 6 1245 2804 2899 4631 4685 6664 
followed Mir.txt 10 263 839 1014 1165 3888 3904 3925 6558 6718 7362 
reconfigure Mir.txt 1 7562 
family Mir.txt 1 2781 
requiring Mir.txt 2 892 10177 
pulsar Mir.txt 1 9256 
rka Mir.txt 3 392 452 2754 
add-on Mir.txt 2 1389 5938 
iva Mir.txt 1 7903 
distinct Mir.txt 1 5315 
destination Mir.txt 1 9190 
two Mir.txt 38 535 550 1108 1152 1367 1639 1862 2100 2160 2177 2261 2283 2550 3489 3588 3621 3890 4008 4398 4480 4797 5232 5471 6267 6362 6859 7095 7559 8179 8479 8491 8618 8760 8841 8919 9228 10063 10276 
resident Mir.txt 4 215 5716 7123 7523 
cultivation Mir.txt 1 6237 
6 Mir.txt 6 885 1358 1672 5786 6001 6127 
taken Mir.txt 3 747 5041 10053 
wipes Mir.txt 1 4716 
minor Mir.txt 1 3334 
more Mir.txt 7 505 1320 2080 3916 4137 6363 8590 
lowering Mir.txt 1 1098 
intercosmos Mir.txt 4 409 3178 3182 3183 
operators Mir.txt 1 4027 
06:00 Mir.txt 1 8704 
landed Mir.txt 1 5254 
particular Mir.txt 1 10522 
known Mir.txt 6 250 3052 3553 5069 6045 9956 
suction Mir.txt 2 4498 4537 
mounted Mir.txt 15 1278 1528 1576 1621 1643 1727 1740 1943 2135 2318 2527 2606 2619 2808 10030 
producing Mir.txt 2 6209 10250 
mirs Mir.txt 2 5883 6475 
none Mir.txt 1 3243 
vladimir Mir.txt 2 660 5443 
science Mir.txt 1 7263 
protons Mir.txt 1 10224 
remain Mir.txt 2 3776 6961 
chernomyrdin Mir.txt 1 3511 
relocated Mir.txt 1 6149 
evolved Mir.txt 1 579 
learn Mir.txt 1 3572 
abandon Mir.txt 2 7820 7955 
history Mir.txt 3 1299 5368 9418 
scan Mir.txt 2 1766 1773 
module-specific Mir.txt 1 1829 
states Mir.txt 5 3361 3410 3450 3538 3570 
sphere Mir.txt 1 558 
tm-16 Mir.txt 2 6591 9304 
tm-17 Mir.txt 5 6389 6819 6872 6969 9912 
tm-10 Mir.txt 1 6316 
attain Mir.txt 1 2627 
purchased Mir.txt 1 9608 
tm-13 Mir.txt 2 6407 6511 
tm-18 Mir.txt 1 6945 
species Mir.txt 1 5045 
axis Mir.txt 2 1553 6652 
narrowly Mir.txt 1 10117 
information Mir.txt 1 2534 
needs Mir.txt 1 2644 
beef Mir.txt 1 4984 
strongest Mir.txt 1 5127 
goal Mir.txt 1 119 
desperation Mir.txt 1 6802 
rather Mir.txt 1 6605 
comfort Mir.txt 1 3133 
american Mir.txt 9 429 2315 3427 3479 7273 7434 7548 7603 9370 
stayed Mir.txt 1 7099 
surpassed Mir.txt 4 158 4223 5372 5873 
menus Mir.txt 1 4921 
dos-8 Mir.txt 2 524 3385 
dos-7 Mir.txt 1 520 
plant Mir.txt 2 6236 9461 
ft Mir.txt 7 1673 1687 2106 2152 2164 2182 2275 
plans Mir.txt 2 3513 8448 
derived Mir.txt 1 615 
orbits Mir.txt 2 351 2444 
lyappa Mir.txt 2 1060 1842 
a Mir.txt 219 25 65 98 118 196 201 214 287 370 394 478 529 556 592 625 645 650 960 1065 1186 1288 1327 1363 1398 1447 1475 1501 1521 1571 1585 1589 1616 1680 1736 1779 1809 1844 1919 1974 2075 2091 2096 2118 2125 2143 2148 2206 2269 2279 2320 2409 2455 2465 2523 2547 2556 2559 2693 2784 2933 3050 3141 3186 3293 3300 3317 3421 3472 3494 3515 3582 3660 3691 3701 3726 3749 3769 3790 3874 3876 3884 4041 4162 4201 4218 4246 4259 4286 4305 4337 4352 4408 4453 4496 4526 4529 4532 4536 4576 4637 4677 4692 4721 4727 4731 4753 4815 4819 4822 4838 4846 4855 4858 4887 4931 4989 5020 5138 5181 5194 5297 5311 5369 5431 5492 5560 5623 5732 5783 5959 6006 6034 6038 6041 6232 6243 6248 6289 6302 6383 6535 6562 6587 6642 6645 6665 6725 6827 6926 7019 7046 7072 7121 7195 7213 7248 7278 7333 7438 7540 7606 7609 7636 7669 7676 7683 7688 7700 7722 7848 7885 7898 7915 7935 7992 7996 8003 8113 8127 8203 8312 8361 8400 8581 8606 8636 8900 8907 8946 8961 8977 9008 9097 9117 9217 9351 9394 9410 9423 9494 9578 9582 9789 9849 9870 9885 9943 9951 9967 10148 10159 10216 10247 10323 10386 10428 10475 10503 10524 
short Mir.txt 5 223 3473 5304 8411 9430 
crowded Mir.txt 2 3715 3729 
departure Mir.txt 5 5743 5822 6508 7229 8095 
solovyov Mir.txt 1 5444 
deterioration Mir.txt 1 4324 
crafts Mir.txt 1 5979 
chelomei Mir.txt 1 661 
polyakov Mir.txt 6 178 5220 5249 6957 7119 7253 
egg Mir.txt 1 6338 
carbohydrates Mir.txt 1 4958 
help Mir.txt 1 4929 
september Mir.txt 10 3498 3697 5334 5853 5915 6932 7361 7507 7728 8426 
developed Mir.txt 1 9754 
urine Mir.txt 1 4588 
mission Mir.txt 22 291 1261 2755 3642 5407 5433 6481 7187 7189 7310 7408 7440 7446 7474 7657 7746 8064 8470 8516 9432 9451 9550 
installed Mir.txt 11 285 1960 1986 2073 2199 2229 2325 4652 4850 5918 8366 
radar Mir.txt 2 1465 1733 
attitude Mir.txt 11 2514 2533 2542 2558 2591 2630 2696 2711 5669 6134 7703 
through Mir.txt 7 403 4973 6427 6911 7711 7914 9688 
committee Mir.txt 1 807 
signs Mir.txt 1 4012 
existence Mir.txt 1 5379 
suffer Mir.txt 1 4143 
its Mir.txt 25 206 276 463 915 1034 1059 1180 1430 1516 3382 3651 4698 5062 5467 5652 5910 8359 8444 8527 9011 9443 9465 9677 9707 9710 
cardiovascular Mir.txt 1 4341 
25 Mir.txt 3 5479 7756 8170 
26 Mir.txt 4 5482 5550 5972 6594 
27 Mir.txt 4 5325 5798 5829 7315 
20 Mir.txt 6 1507 1928 5557 5569 5936 8221 
21 Mir.txt 2 2402 7381 
22 Mir.txt 4 2149 6904 8286 8663 
23 Mir.txt 5 163 5866 8087 8632 9931 
lateral Mir.txt 1 6152 
28 Mir.txt 6 1920 5184 5336 6671 6931 8396 
complex Mir.txt 4 1025 6165 9411 9598 
symptoms Mir.txt 1 4359 
detected Mir.txt 1 2011 
systems Mir.txt 20 116 731 872 1953 2792 3090 5468 5987 6019 6188 6752 7675 7860 7920 8833 8843 8867 9634 9655 9866 
annual Mir.txt 1 6913 
lira Mir.txt 2 2806 2814 
abdul Mir.txt 1 5812 
uhf Mir.txt 2 2856 2864 
evening Mir.txt 2 3934 3950 
return Mir.txt 7 4383 5514 8895 8910 9042 9051 9221 
food Mir.txt 5 4900 4907 4911 4980 8984 
tumbles Mir.txt 1 9687 
anticipated Mir.txt 1 9183 
framework Mir.txt 1 1739 
spring-loaded Mir.txt 1 4521 
easily Mir.txt 1 1697 
2s Mir.txt 3 6060 6331 10309 
occasions Mir.txt 1 5028 
capability Mir.txt 3 1352 1382 2819 
cmgs Mir.txt 3 2566 2578 2633 
radial Mir.txt 2 1090 1899 
found Mir.txt 4 4763 5049 5107 5731 
ports Mir.txt 14 534 551 590 608 671 1368 1901 6274 6866 8761 8771 8850 9235 9282 
soviet/russian Mir.txt 1 7 
referred Mir.txt 2 7181 9462 
malfunction Mir.txt 2 9944 9964 
jellied Mir.txt 1 4983 
gennady Mir.txt 1 8147 
generation Mir.txt 4 1309 1334 1355 3047 
house Mir.txt 1 3362 
hard Mir.txt 1 1211 
fixture Mir.txt 1 1066 
m-33 Mir.txt 3 7681 10078 10116 
reacquiring Mir.txt 1 2028 
connect Mir.txt 1 610 
m-34 Mir.txt 5 7771 9152 10050 10081 10123 
scratching Mir.txt 1 7025 
operation Mir.txt 2 470 7888 
orient Mir.txt 1 1568 
really Mir.txt 2 4280 4294 
funding Mir.txt 5 438 794 8130 8342 8537 
since Mir.txt 2 501 7336 
projected Mir.txt 1 1512 
research Mir.txt 5 100 136 372 6229 7287 
pivoted Mir.txt 1 1890 
safety Mir.txt 3 7964 9630 9902 
7 Mir.txt 8 711 1361 5439 5497 5512 5523 5646 8425 
occurs Mir.txt 1 4464 
wisconsin Mir.txt 2 9616 9618 
housed Mir.txt 1 3753 
base Mir.txt 4 256 863 910 3383 
members Mir.txt 13 2777 2782 2898 3194 3756 4712 5236 6067 7550 7632 8008 8481 10374 
put Mir.txt 1 779 
beginning Mir.txt 5 1305 5781 5857 5881 8669 
benefits Mir.txt 1 3130 
launch Mir.txt 23 273 845 882 924 940 986 3292 5057 5402 5417 5427 5778 5847 5895 6417 6552 6812 6824 6847 7044 7057 7168 8226 
conducted Mir.txt 7 105 3899 5723 6669 6929 7934 7991 
w Mir.txt 2 3431 6524 
leading Mir.txt 2 7807 10136 
unmanned Mir.txt 5 3209 5525 8729 8953 8965 
syria Mir.txt 1 5811 
pilots Mir.txt 1 7003 
reinforced Mir.txt 1 673 
major Mir.txt 2 5139 8682 
dont Mir.txt 1 4284 
feel Mir.txt 1 4098 
number Mir.txt 2 5067 5197 
feet Mir.txt 1 7206 
two-man Mir.txt 1 7375 
done Mir.txt 1 2638 
amsl Mir.txt 1 8674 
heads Mir.txt 1 4899 
together Mir.txt 2 2116 9095 
construct Mir.txt 1 3310 
paint Mir.txt 1 10447 
180 Mir.txt 1 1975 
station Mir.txt 126 9 27 53 88 95 137 187 242 249 298 321 355 416 541 564 601 667 679 694 735 955 1040 1284 1312 1365 1435 1570 1607 1634 1803 1917 1935 1963 1992 2033 2052 2087 2290 2449 2518 2575 2594 2666 2685 2798 2878 2931 3098 3112 3251 3296 3321 3399 3486 3518 3525 3632 3719 3772 3868 4036 4394 4795 4914 4938 5017 5160 5270 5307 5377 5404 5420 5463 5587 5760 5833 5907 6343 6400 6585 6647 6858 6881 6920 7018 7211 7285 7402 7530 7612 7692 7795 7822 7926 8114 8136 8236 8329 8346 8357 8489 8504 8533 8542 8604 8686 8888 8904 8936 8959 8975 9113 9166 9225 9373 9381 9725 9749 9806 10003 10120 10132 10169 10283 10479 10494 
airlock Mir.txt 2 6036 6061 
passed Mir.txt 2 2034 6910 
compartment Mir.txt 1 594 
recovered Mir.txt 1 2056 
too Mir.txt 1 9757 
vasili Mir.txt 2 7625 7647 
184 Mir.txt 1 330 
trapped Mir.txt 1 10223 
part Mir.txt 6 359 3261 3548 5241 7801 9291 
vasily Mir.txt 1 3167 
believe Mir.txt 1 4449 
grew Mir.txt 1 6376 
collaborations Mir.txt 1 405 
dispensed Mir.txt 1 4719 
recording Mir.txt 1 2655 
nevertheless Mir.txt 1 6848 
determined Mir.txt 1 2521 
risks Mir.txt 2 10401 10417 
sts Mir.txt 1 10059 
risky Mir.txt 1 7886 
coolant Mir.txt 2 9770 10454 
alongside Mir.txt 6 1478 6561 7622 7744 8159 8289 
air-conditioning Mir.txt 1 5113 
antarctica Mir.txt 1 4266 
comrades Mir.txt 3 4151 4173 4195 
showers Mir.txt 1 10520 
cleaned Mir.txt 1 3838 
tognini Mir.txt 1 6569 
retracted Mir.txt 2 1878 2224 
fiji Mir.txt 1 8681 
depending Mir.txt 1 2641 
bacteria Mir.txt 1 4758 
lit Mir.txt 1 20 
also Mir.txt 41 1277 1770 1994 2509 2762 2816 2850 2866 3009 3157 3215 3371 3527 4038 4233 4741 4905 5018 5117 5172 5382 5673 5803 5842 5878 6225 6631 6743 7150 7480 7557 7698 8201 8719 8830 8897 9187 9259 9880 10382 10501 
articles Mir.txt 2 3738 8710 
play Mir.txt 1 3689 
experienced Mir.txt 3 3869 6696 10359 
afghanistan Mir.txt 1 5815 
nasal Mir.txt 1 4365 
unused Mir.txt 1 9556 
most Mir.txt 11 396 1721 1755 4112 4313 4908 5364 6259 7660 8692 9921 
significant Mir.txt 2 4314 4332 
thrusters Mir.txt 4 1541 2603 2715 2727 
nothing Mir.txt 1 9713 
measured Mir.txt 1 1668 
kb Mir.txt 2 699 716 
muscle Mir.txt 2 4321 4460 
kg Mir.txt 3 5506 6352 9054 
mineral Mir.txt 1 4965 
windows Mir.txt 1 3854 
clear Mir.txt 1 830 
sometimes Mir.txt 1 3560 
km Mir.txt 5 329 334 2419 2428 8609 
cramped Mir.txt 1 3727 
kw Mir.txt 6 2122 2146 2170 2187 2281 2361 
asus Mir.txt 1 4483 
consisted Mir.txt 7 299 1436 1660 1734 2313 3236 5230 
physics Mir.txt 1 111 
technical Mir.txt 1 5649 
thomas Mir.txt 2 8034 8055 
m34 Mir.txt 1 7726 
particularly Mir.txt 2 6808 9645 
affix Mir.txt 1 7995 
accommodations Mir.txt 1 4872 
longer-term Mir.txt 1 10411 
degraded Mir.txt 1 2240 
laveykin Mir.txt 1 5722 
occupation Mir.txt 3 126 6424 8404 
completion Mir.txt 2 3653 6550 
less Mir.txt 3 2245 4140 4144 
failed Mir.txt 3 936 6843 10113 
flights Mir.txt 7 8940 9045 9078 9086 9093 9180 9192 
generators Mir.txt 1 760 
8 Mir.txt 1 8092 
unpleasant Mir.txt 1 9773 
his Mir.txt 14 4104 4125 4150 4172 4194 4792 7255 7520 7526 7597 7644 9731 9734 9799 
hit Mir.txt 1 6922 
meanwhile Mir.txt 2 1225 6675 
sts-91 Mir.txt 1 8065 
furnaces Mir.txt 1 6205 
longest Mir.txt 4 146 172 4213 5860 
during Mir.txt 44 508 1232 1635 1700 1824 2205 2297 2482 2764 3173 3699 3857 3958 4307 5271 5453 5603 5651 6296 6770 6810 6917 7022 7054 7259 7372 7405 7454 7596 7655 7682 7759 7897 7984 8030 8745 9128 9646 9872 9913 9925 9934 10058 10527 
him Mir.txt 1 4134 
alexander Mir.txt 1 5896 
unburned Mir.txt 1 8695 
sources Mir.txt 1 9978 
activity Mir.txt 1 7901 
bars Mir.txt 1 4523 
set Mir.txt 10 2524 2557 4209 4668 4805 5664 6008 7448 8193 8269 
achieved Mir.txt 2 1215 8616 
see Mir.txt 9 13 3156 4904 5171 5381 5841 7149 8718 9879 
arc Mir.txt 1 1976 
are Mir.txt 5 3091 4281 4295 4320 10341 
sea Mir.txt 2 2921 3122 
arm Mir.txt 5 1061 1072 1843 1846 1881 
deploying Mir.txt 2 5977 7419 
project Mir.txt 9 3353 3423 3534 3552 3559 3610 3625 3648 8534 
eo-28 Mir.txt 2 5213 5345 
puncturing Mir.txt 2 7787 10127 
visiting Mir.txt 4 4829 5264 8706 9308 
eo-22 Mir.txt 4 7483 7573 9876 9939 
eo-23 Mir.txt 5 7628 7634 9878 9926 9941 
eo-20 Mir.txt 1 7355 
eo-21 Mir.txt 1 7376 
eo-26 Mir.txt 1 8144 
formatted Mir.txt 1 5198 
eo-24 Mir.txt 2 7874 8025 
eo-25 Mir.txt 3 8045 8099 8167 
unions Mir.txt 2 240 363 
various Mir.txt 8 1262 1763 2844 3255 6775 7674 9654 9841 
orbiting Mir.txt 1 7665 
day-long Mir.txt 1 5493 
burned Mir.txt 2 9970 9988 
conditions Mir.txt 1 6213 
meal Mir.txt 1 3935 
available Mir.txt 3 3217 4843 8762 
ikar Mir.txt 2 1789 6047 
missing Mir.txt 2 6783 10118 
initially Mir.txt 4 2256 8766 9307 10021 
sold Mir.txt 1 9594 
km/60 Mir.txt 1 8672 
incident Mir.txt 1 9111 
both Mir.txt 6 4596 5435 5989 8852 8862 10111 
defunct Mir.txt 1 10442 
last Mir.txt 5 3229 5568 6414 8039 8514 
reverse Mir.txt 1 4380 
barely Mir.txt 1 2358 
foreign Mir.txt 1 7610 
became Mir.txt 7 2851 3521 6807 7038 7431 7600 9621 
long-term Mir.txt 3 135 371 4318 
experimental Mir.txt 4 2643 5620 8986 9056 
arbitrarily Mir.txt 1 8667 
reduce Mir.txt 2 6760 8561 
point Mir.txt 3 1618 2357 7588 
bartletts Mir.txt 1 9605 
recycling Mir.txt 1 6021 
proton Mir.txt 2 268 7279 
simply Mir.txt 1 9469 
throughout Mir.txt 2 1961 6684 
expensive Mir.txt 1 10099 
pv Mir.txt 1 1912 
stamp Mir.txt 1 3992 
m1-5 Mir.txt 1 8580 
political Mir.txt 1 953 
due Mir.txt 11 701 4662 5397 5647 6131 6166 7004 7067 8125 9742 10107 
reduction Mir.txt 1 6721 
collected Mir.txt 3 3010 4551 4607 
meeting Mir.txt 1 951 
empty Mir.txt 1 7895 
generating Mir.txt 1 6024 
lived Mir.txt 2 3826 4067 
flight Mir.txt 15 741 792 859 2778 3663 4935 5208 5217 7476 7498 7598 7879 7892 7975 9535 
fire Mir.txt 8 2987 3148 7662 9871 9894 9968 9987 10028 
transferring Mir.txt 1 7515 
fund Mir.txt 1 8265 
280 Mir.txt 1 9429 
pact Mir.txt 1 3202 
budarin Mir.txt 1 8102 
look Mir.txt 1 3815 
solid Mir.txt 3 3044 4548 10451 
expanded Mir.txt 1 1387 
budget Mir.txt 1 3324 
pace Mir.txt 1 3957 
while Mir.txt 7 774 2924 3304 4220 5517 6077 8519 
replaced Mir.txt 4 643 2372 7591 8029 
error Mir.txt 1 7007 
fleet Mir.txt 1 6729 
guide Mir.txt 2 8836 9136 
cages Mir.txt 1 6332 
extremophile Mir.txt 1 5038 
30 Mir.txt 2 5612 8950 
motors Mir.txt 2 1985 10453 
kristall Mir.txt 18 1004 1249 1833 2173 2374 5845 5889 6116 6138 6174 6203 6615 6986 7029 9226 9315 9362 9909 
encountered Mir.txt 1 9127 
itself Mir.txt 3 1221 1993 9034 
respirators Mir.txt 1 10014 
ready Mir.txt 1 5893 
quail Mir.txt 1 6328 
chase Mir.txt 1 1038 
thagard Mir.txt 1 7239 
rorsat Mir.txt 1 10457 
9 Mir.txt 2 2121 5536 
products Mir.txt 1 6358 
relatively Mir.txt 1 8908 
failure Mir.txt 4 5700 5708 6137 7697 
higher Mir.txt 4 2466 10211 10324 10387 
development Mir.txt 3 466 511 5653 
used Mir.txt 36 271 624 1536 1594 1614 1651 1748 1822 1918 2048 2615 2625 2734 2763 2793 2859 3019 3093 3816 3845 4439 4475 4495 4627 6287 6624 8778 8845 8941 8971 9248 9284 9524 9545 9572 9793 
temporary Mir.txt 1 9401 
negotiate Mir.txt 1 3407 
monolithic Mir.txt 2 1343 1364 
moment Mir.txt 1 2564 
levels Mir.txt 3 2990 10212 10321 
arrived Mir.txt 14 879 5528 5615 6139 6313 6324 6855 6946 7138 7240 7464 8047 8152 8281 
user Mir.txt 1 4509 
yeltsin Mir.txt 2 3437 6518 
viktorenko Mir.txt 1 5897 
predecessors Mir.txt 1 6373 
canned Mir.txt 2 4920 4979 
travers Mir.txt 2 1464 1725 
task Mir.txt 2 2488 2512 
15.7 Mir.txt 2 350 2443 
docked Mir.txt 16 1244 1852 2729 2872 5446 5901 5998 7094 7160 7282 7319 7541 8735 9108 9312 9397 
spent Mir.txt 7 5499 5566 7568 8018 8354 9022 10438 
redistribution Mir.txt 1 4336 
reliant Mir.txt 1 9857 
quarters Mir.txt 2 1412 4800 
roll-control Mir.txt 1 1540 
tasks Mir.txt 2 4126 4199 
world Mir.txt 3 23 2848 9606 
alternative Mir.txt 2 3140 8341 
cargoes Mir.txt 2 6782 8980 
cut Mir.txt 1 440 
decayed Mir.txt 1 93 
canisters Mir.txt 1 3049 
source Mir.txt 2 6244 9583 
governmental Mir.txt 1 653 
weightlessness Mir.txt 4 2937 2945 2960 4319 
location Mir.txt 1 6304 
march Mir.txt 8 435 2403 5451 5613 6493 6505 8088 8633 
emergency Mir.txt 3 2725 8918 10540 
big Mir.txt 1 4268 
showing Mir.txt 5 962 2391 3713 6394 9676 
13:00 Mir.txt 1 3903 
suffering Mir.txt 1 2089 
logical Mir.txt 1 4113 
projects Mir.txt 1 3400 
disrepair Mir.txt 1 2831 
rotate Mir.txt 1 1085 
success Mir.txt 1 227 
respirator Mir.txt 1 10019 
manifest Mir.txt 1 7116 
separately Mir.txt 1 1445 
communications Mir.txt 8 756 920 935 2740 2743 6723 7555 8314 
continue Mir.txt 2 7972 10186 
ivan Mir.txt 1 8290 
variant Mir.txt 1 9073 
often Mir.txt 4 2952 5123 5238 5261 
some Mir.txt 8 4091 4389 5129 7855 8186 9383 10016 10025 
back Mir.txt 2 4619 6377 
metres Mir.txt 5 1514 1611 1671 1685 6877 
scaffolding-like Mir.txt 1 1503 
added Mir.txt 5 999 1020 3807 6005 9357 
3.1 Mir.txt 1 4434 
delivered Mir.txt 6 1194 5553 7343 7481 8196 9262 
crewmates Mir.txt 1 7646 
fairing Mir.txt 1 7074 
flux Mir.txt 1 10218 
integration Mir.txt 1 875 
per Mir.txt 5 352 2445 4436 4959 10260 
energia Mir.txt 3 687 707 9460 
eliminate Mir.txt 1 9337 
fragments Mir.txt 2 8696 10446 
be Mir.txt 41 526 838 1019 1030 1132 1148 1373 1386 1395 1593 1698 1889 1997 2193 2368 2462 2597 2657 2690 2733 3540 3820 4139 4873 4999 5631 6104 6277 6623 8138 8253 8331 8506 8512 8777 9188 9238 9247 9261 9762 10544 
run Mir.txt 3 4428 5331 8401 
cleanroom Mir.txt 1 916 
agreement Mir.txt 1 3446 
eo-17 Mir.txt 3 5256 7136 7245 
eo-16 Mir.txt 1 7063 
eo-15 Mir.txt 1 6953 
eo-14 Mir.txt 2 5252 6815 
eo-13 Mir.txt 2 6573 6900 
eo-12 Mir.txt 2 6557 6679 
eo-11 Mir.txt 1 6498 
output Mir.txt 1 2059 
by Mir.txt 81 39 45 84 159 264 286 311 385 450 574 766 804 817 1285 1375 1452 1938 2208 2233 2347 2355 2477 2491 2522 2539 2546 2860 2868 2966 3020 3064 3085 3358 3394 3889 3905 4074 4217 4224 4575 4913 4924 5058 5180 5346 5353 5373 5698 5874 5963 6178 6565 6581 6625 6719 6737 6923 7365 7391 7403 7592 7668 7733 7740 8006 8197 8333 8471 8751 9064 9193 9263 9286 9299 9464 9546 9819 10045 10054 10360 10456 
eo-19 Mir.txt 1 7345 
eo-18 Mir.txt 3 7231 7260 7350 
decommissioning Mir.txt 1 8220 
hidden Mir.txt 1 10555 
completing Mir.txt 5 349 2382 2442 7254 8108 
sts-86 Mir.txt 1 7978 
sts-84 Mir.txt 1 7743 
economic Mir.txt 2 3367 6701 
sts-81 Mir.txt 1 7582 
konus Mir.txt 2 964 1109 
block Mir.txt 6 257 864 911 1471 1524 3384 
19:00 Mir.txt 1 3938 
eaten Mir.txt 1 4912 
into Mir.txt 12 733 780 1443 2830 4620 4691 4988 6471 7782 8389 8605 8698 
within Mir.txt 4 1717 1747 4852 7204 
exercises Mir.txt 1 4303 
appropriate Mir.txt 2 4587 4964 
primarily Mir.txt 1 8749 
smells Mir.txt 1 9714 
proliferated Mir.txt 1 4766 
kvant-2 Mir.txt 3 2587 5843 5887 
kvant-1 Mir.txt 3 2501 2585 5387 
spending Mir.txt 1 179 
tumble Mir.txt 1 7710 
question Mir.txt 1 6789 
specifically Mir.txt 1 3619 
eclss Mir.txt 4 2981 3001 3159 9882 
forward Mir.txt 5 597 1048 1081 1857 8872 
sections Mir.txt 1 1666 
atlantis Mir.txt 14 1231 1242 1459 2296 7159 7303 7312 7404 7500 7580 7741 7983 8744 10057 
zarya Mir.txt 1 8228 
collapsed Mir.txt 1 1675 
crank Mir.txt 1 1682 
newer Mir.txt 3 8877 8943 10036 
russian Mir.txt 21 17 388 2321 3434 3455 3484 3490 3507 3574 3604 6453 6515 7041 7334 7623 7645 7745 8753 9450 9454 9528 
crane Mir.txt 1 1477 
outpost Mir.txt 1 373 
intestines Mir.txt 1 3078 
utc Mir.txt 7 948 8627 8630 8661 8678 8690 8705 
travelling Mir.txt 1 2431 
consist Mir.txt 1 1318 
up Mir.txt 11 3767 3970 4669 4880 5300 7010 7110 7739 8078 8194 9478 
lifespan Mir.txt 1 208 
exploration Mir.txt 5 3190 3211 3443 3461 9628 
continuously Mir.txt 2 133 2658 
similar Mir.txt 7 1811 3089 3104 3389 4253 4500 9541 
called Mir.txt 4 3297 3470 3561 6667 
x-ray Mir.txt 1 5677 
units Mir.txt 1 4651 
associated Mir.txt 1 1745 
expedition Mir.txt 8 3239 5196 5228 5244 5591 8041 8352 10249 
defined Mir.txt 1 8668 
m Mir.txt 6 2104 2150 2162 2180 2273 7208 
package Mir.txt 1 7425 
single Mir.txt 3 173 7451 9495 
blaha Mir.txt 4 3795 7514 7567 9696 
fly-around Mir.txt 1 7637 
amounts Mir.txt 1 9996 
peace Mir.txt 1 21 
occasional Mir.txt 1 6697 
bracket Mir.txt 1 1781 
electrical Mir.txt 3 2385 7693 10165 
retract Mir.txt 1 9345 
berthing Mir.txt 2 6303 8785 
elements Mir.txt 2 1275 1461 
provided Mir.txt 13 310 1925 1948 2117 2159 2744 2982 3055 4073 4742 4796 8881 9365 
evas Mir.txt 3 1636 2863 8306 
lucid Mir.txt 4 4207 4302 7396 7430 
problems Mir.txt 6 5082 5650 5976 6094 6806 9125 
visits Mir.txt 1 224 
prepared Mir.txt 2 3611 4923 
replace Mir.txt 1 8825 
generated Mir.txt 1 3039 
allowing Mir.txt 3 4024 8889 8905 
puncture Mir.txt 2 10483 10512 
ferries Mir.txt 2 8823 10536 
sides Mir.txt 1 1646 
structure Mir.txt 4 956 1504 1590 1608 
independently Mir.txt 2 1032 2520 
black-out Mir.txt 1 6828 
vice Mir.txt 1 3501 
age Mir.txt 2 9678 9745 
required Mir.txt 8 123 1113 1566 2651 2677 4666 8819 9318 
orbit Mir.txt 19 33 58 82 92 139 326 815 1444 2387 2412 2907 3778 3786 5740 8214 8256 8564 8613 10199 
priroda Mir.txt 12 1011 1482 1729 1761 1836 2371 3802 6466 6556 6712 7152 7459 
2000 Mir.txt 2 5344 8477 
nasa Mir.txt 9 3276 3289 3601 3792 4054 7951 7966 9547 9693 
came Mir.txt 1 4096 
eo-2eo-4 Mir.txt 1 5328 
failures Mir.txt 2 7672 9656 
having Mir.txt 5 209 1170 5151 6439 7818 
once Mir.txt 3 1210 1823 2031 
sharply Mir.txt 1 9716 
restraining Mir.txt 1 4522 
results Mir.txt 5 897 6355 8388 9057 10366 
astronauts Mir.txt 8 3257 3277 3673 4849 4877 7274 7963 9371 
humid Mir.txt 1 9712 
ammonia Mir.txt 1 3080 
issues Mir.txt 1 9350 
disposal Mir.txt 1 4570 
concerned Mir.txt 2 5132 10065 
lower Mir.txt 1 10399 
record-breaking Mir.txt 2 5330 7256 
include Mir.txt 2 4334 4360 
resources Mir.txt 1 776 
breathing Mir.txt 2 9810 9836 
wished Mir.txt 1 3947 
presently Mir.txt 1 3092 
tm-8 Mir.txt 1 5850 
tm-9 Mir.txt 3 6063 6202 6361 
tm-7 Mir.txt 1 5827 
tm-2 Mir.txt 2 5598 5777 
tm-3 Mir.txt 1 5396 
tm-1 Mir.txt 1 5527 
soyuz Mir.txt 61 618 626 631 2730 2881 3662 5395 5412 5428 5518 5526 5541 5544 5597 5776 5787 5826 5849 6062 6201 6315 6360 6388 6406 6488 6510 6590 6673 6818 6871 6944 6968 7059 7106 7132 7140 7242 7385 7478 7639 7824 8049 8157 8173 8283 8299 8390 8468 8711 8733 8754 8879 8922 8926 8954 9000 9177 9303 9502 9911 10535 
putting Mir.txt 1 6469 
drinking Mir.txt 1 4621 
continued Mir.txt 3 3649 6368 6422 
categories Mir.txt 2 10554 10556 
entire Mir.txt 2 6834 10437 
7.5-tonne Mir.txt 1 612 
meant Mir.txt 3 1117 1391 9271 
eva Mir.txt 3 5725 6193 7937 
michael Mir.txt 1 7736 
sunrises Mir.txt 1 3871 
threat Mir.txt 1 10476 
race Mir.txt 1 3351 
49.2 Mir.txt 1 2181 
gauge Mir.txt 1 10086 
chrtien Mir.txt 1 5818 
noted Mir.txt 2 4148 6082 
claudie Mir.txt 1 7469 
foale Mir.txt 2 7737 7931 
sensation Mir.txt 1 2935 
video Mir.txt 2 2773 3692 
growing Mir.txt 1 5108 
dynamics Mir.txt 1 6639 
skylab Mir.txt 1 1341 
splashdown Mir.txt 1 5149 
unavailable Mir.txt 3 2852 4710 6792 
pipes Mir.txt 1 9692 
slight Mir.txt 1 2456 
access Mir.txt 1 8883 
seconds Mir.txt 1 9974 
waiting Mir.txt 1 8556 
experiment Mir.txt 1 6354 
poles Mir.txt 1 1663 
relocate Mir.txt 1 1140 
exercise Mir.txt 4 3909 3924 4299 4451 
refilled Mir.txt 1 9019 
body Mir.txt 1 4363 
multichannel Mir.txt 1 5561 
led Mir.txt 9 3372 6546 7706 8247 9852 9868 9965 10146 10293 
degree Mir.txt 1 1970 
notable Mir.txt 1 6437 
gathered Mir.txt 1 5504 
following Mir.txt 14 225 377 649 4181 5950 6571 6687 7304 7721 7862 7927 8090 8782 9891 
objects Mir.txt 4 1628 10466 10468 10510 
sink Mir.txt 1 3029 
ferry Mir.txt 1 6089 
safer Mir.txt 1 3137 
fifteen Mir.txt 2 3788 9670 
ukraine Mir.txt 1 6738 
38 Mir.txt 1 2103 
receive Mir.txt 1 2890 
involved Mir.txt 2 3542 8555 
31 Mir.txt 2 6119 8949 
larger Mir.txt 2 220 4760 
37 Mir.txt 1 7205 
leaving Mir.txt 2 5584 8427 
resulting Mir.txt 1 3445 
guidance Mir.txt 1 8832 
looted Mir.txt 1 6803 
330 Mir.txt 1 4955 
private Mir.txt 1 8450 
volt Mir.txt 1 1921 
decrease Mir.txt 1 1557 
privately Mir.txt 1 8466 
use Mir.txt 11 2821 3463 4002 4601 4661 4670 6207 8457 9156 9516 9665 
from Mir.txt 57 34 59 423 616 748 1079 1515 1550 1604 2090 2147 2397 2876 2892 3027 3033 3061 3076 3081 3195 3573 3696 3900 3985 4145 4290 4720 4771 5042 5205 5332 5357 5489 5510 5945 6387 6418 6483 6735 6879 7289 7608 7918 8740 8806 8886 9379 9448 9477 9653 9938 10104 10215 10225 10269 10436 10450 
consumption Mir.txt 1 1560 
dietitian Mir.txt 1 4932 
next Mir.txt 5 235 1145 5281 6158 7974 
eleven Mir.txt 3 2078 3656 3831 
themselves Mir.txt 3 2069 4444 4851 
stage Mir.txt 4 236 8554 8598 8643 
charcoal Mir.txt 1 3087 
started Mir.txt 1 3643 
occurred Mir.txt 6 3152 3674 8675 9897 9924 9945 
infection Mir.txt 1 10371 
cooperate Mir.txt 1 3440 
carrying Mir.txt 5 6951 7061 7286 8587 8976 
rubbish Mir.txt 1 9021 
lucids Mir.txt 2 7455 7491 
3,644 Mir.txt 1 153 
socket Mir.txt 1 2341 
account Mir.txt 1 9698 
augment Mir.txt 1 1538 
this Mir.txt 31 2 577 1116 1583 1730 1792 2214 2234 2249 2356 2472 2636 2671 2956 3532 4158 4190 4624 5801 5870 6662 7407 7508 8509 8573 8614 8804 9317 10008 10143 10262 
when Mir.txt 20 295 799 932 1255 1510 1674 1677 1933 2006 2220 2589 4706 5869 7134 7758 9010 9153 9280 9801 9942 
insists Mir.txt 1 9985 
obvious Mir.txt 3 1722 6260 6809 
minimisation Mir.txt 1 2679 
meet Mir.txt 1 842 
closing Mir.txt 1 7812 
five-month Mir.txt 1 5911 
dropped Mir.txt 1 7846 
control Mir.txt 24 742 2388 2543 2563 2618 2756 2976 4076 5670 5704 6135 7012 7704 8431 8623 8654 9433 9452 9485 9489 9526 9536 9551 9562 
slid Mir.txt 1 4539 
links Mir.txt 3 2749 2760 10552 
process Mir.txt 2 3023 9475 
aleksandr Mir.txt 6 5721 5899 6071 7489 7650 8485 
purposes Mir.txt 2 2796 3469 
united Mir.txt 4 3360 3449 3537 3569 
docking Mir.txt 54 281 533 557 670 972 1049 1055 1082 1161 1208 1212 1223 1240 1869 1874 1893 1900 2302 2767 3711 5764 5769 5922 5986 6078 6124 6172 6273 6291 6396 6502 6603 6641 6751 6887 7155 7218 7309 7370 7428 7511 7767 8000 8375 8577 8764 8840 9120 9149 9234 9353 10072 10091 10102 
varied Mir.txt 2 5202 10305 
handover Mir.txt 3 5274 9874 9936 
bungee Mir.txt 1 4440 
holds Mir.txt 1 167 
delay Mir.txt 2 5961 6169 
located Mir.txt 7 2580 2716 4486 4641 4734 5754 6057 
numerous Mir.txt 1 9760 
aft Mir.txt 6 586 1199 1577 8770 8791 8810 
instead Mir.txt 4 1205 4836 6468 9285 
deorbited Mir.txt 3 433 1220 8139 
circular Mir.txt 1 2411 
npo Mir.txt 1 686 
stow Mir.txt 1 4672 
17,200 Mir.txt 2 347 2439 
collection Mir.txt 1 4506 
dc Mir.txt 1 1922 
halted Mir.txt 1 773 
efficiently Mir.txt 1 4138 
light Mir.txt 1 6246 
reminders Mir.txt 1 6698 
allow Mir.txt 5 1135 1370 3567 7104 8337 
preparing Mir.txt 2 3931 8355 
houston Mir.txt 1 9554 
six Mir.txt 8 265 994 2577 3765 5225 5302 5666 8334 
astronomical Mir.txt 2 2649 6256 
move Mir.txt 1 9341 
byproducts Mir.txt 1 3069 
produced Mir.txt 3 3017 9994 10158 
whilst Mir.txt 7 2172 6374 6888 7833 8868 8937 9103 
130 Mir.txt 2 4950 6351 
including Mir.txt 12 465 1266 1762 2604 5559 6231 6955 7233 7536 7658 8981 9555 
mentioned Mir.txt 1 1175 
contaminated Mir.txt 1 9839 
perfect Mir.txt 1 2963 
chemical Mir.txt 2 9824 9952 
outer Mir.txt 2 3465 7785 
decay Mir.txt 1 8438 
ships Mir.txt 3 2841 5750 6732 
permanent Mir.txt 3 125 4798 8784 
inspecting Mir.txt 1 7906 
instruments Mir.txt 2 5558 5675 
covered Mir.txt 1 3856 
2010 Mir.txt 2 165 5868 
designs Mir.txt 1 1344 
greater Mir.txt 2 66 10416 
material Mir.txt 1 5509 
flew Mir.txt 4 8923 8956 9096 9668 
dock Mir.txt 8 1045 1101 5643 5714 6613 7331 9142 10076 
cutting Mir.txt 1 7805 
front Mir.txt 4 561 4581 6142 6895 
rotation Mir.txt 1 9367 
day Mir.txt 12 353 852 2062 2446 3875 3878 3960 4437 4960 4975 6159 10261 
kilometres Mir.txt 3 4424 4433 8570 
february Mir.txt 16 480 651 928 944 981 2399 5323 5601 5795 6075 6683 7032 7167 7382 8287 9932 
edit Mir.txt 39 473 957 959 1428 1462 1904 2389 2741 2904 2972 3162 3179 3254 3269 3684 3688 3841 4300 4469 4782 4903 5032 5162 5164 5380 5840 6382 7144 8070 8708 9435 9558 9632 9637 9884 10193 10548 10550 10553 
decommission Mir.txt 1 5063 
timetabled Mir.txt 1 4088 
kpa Mir.txt 1 3115 
rockets Mir.txt 2 269 1455 
shortage Mir.txt 1 2092 
references Mir.txt 1 10549 
constraints Mir.txt 1 3327 
few Mir.txt 1 7249 
sts-89 Mir.txt 1 8031 
vdus Mir.txt 1 1547 
administrator Mir.txt 1 7967 
related Mir.txt 1 4058 
88 Mir.txt 1 2919 
books Mir.txt 2 3747 4044 
relates Mir.txt 1 9729 
programmes Mir.txt 3 414 3233 3265 
86 Mir.txt 1 10060 
shannon Mir.txt 3 4206 4301 7395 
out Mir.txt 14 204 919 1716 2035 3280 4972 5908 7437 7884 7958 8037 8178 8304 8548 
lazutkin Mir.txt 1 7651 
kizim Mir.txt 1 5441 
eo-2 Mir.txt 1 5594 
chaos Mir.txt 2 3368 6702 
mate Mir.txt 2 1063 1096 
evacuation Mir.txt 1 10541 
cause Mir.txt 2 10332 10487 
red Mir.txt 1 4346 
eo-6 Mir.txt 2 6065 6175 
shut Mir.txt 1 8422 
approached Mir.txt 1 7203 
188-day Mir.txt 1 7445 
fourteen Mir.txt 1 3234 
approaches Mir.txt 1 9131 
hazard Mir.txt 1 5141 
additional Mir.txt 1 549 
resumed Mir.txt 1 795 
usachov Mir.txt 1 4790 
prepare Mir.txt 1 787 
g Mir.txt 3 4947 4951 4956 
raduga Mir.txt 1 9047 
adapters Mir.txt 1 4590 
could Mir.txt 18 836 1394 1696 1888 2508 2732 4600 4878 4998 8505 8776 9050 9135 9474 10185 10353 10482 10511 
times Mir.txt 2 2469 8589 
counterpart Mir.txt 1 3301 
length Mir.txt 1 5204 
allied Mir.txt 1 3200 
scrubbed Mir.txt 1 931 
hence Mir.txt 1 6214 
facilitate Mir.txt 2 9040 10538 
south Mir.txt 3 8084 8700 10227 
hazards Mir.txt 1 5031 
powerful Mir.txt 1 4533 
facility Mir.txt 3 9473 9521 9738 
quality Mir.txt 2 9702 9721 
drogues Mir.txt 1 1110 
management Mir.txt 1 2992 
system Mir.txt 36 753 757 1241 2386 2560 2827 2902 2980 3008 3038 3051 3067 4342 4357 4499 4507 4614 4634 5292 5705 5923 6250 6271 6604 7013 7768 9121 9159 9232 9544 9752 9847 9950 10073 10103 10346 
priority Mir.txt 1 2998 
their Mir.txt 23 2057 3591 3933 3955 3962 4198 4890 4898 4934 5454 5476 5567 5604 6106 6372 6761 6781 7826 8387 8999 9549 10513 10534 
pavel Mir.txt 1 7881 
travelled Mir.txt 1 339 
final Mir.txt 5 582 7462 8061 8066 8642 
flatulence Mir.txt 1 4370 
evacuated Mir.txt 1 4574 
interests Mir.txt 1 8451 
shell Mir.txt 1 7786 
sealed Mir.txt 2 8382 10141 
viktor Mir.txt 2 3510 8276 
completed Mir.txt 2 1431 5771 
unoccupied Mir.txt 4 2328 5531 5588 5837 
environmental Mir.txt 3 2975 5030 7422 
t-15 Mir.txt 4 5429 5519 5545 8927 
july Mir.txt 8 5319 5582 6392 6560 6821 6905 7091 8118 
detection Mir.txt 1 2988 
liquid Mir.txt 1 4571 
isolation Mir.txt 2 4277 7864 
shampoo Mir.txt 1 4745 
krikalev Mir.txt 1 7037 
tommy Mir.txt 1 9604 
individual Mir.txt 1 4553 
visited Mir.txt 5 3258 5179 5352 5365 9063 
providing Mir.txt 4 2142 2185 2268 6301 
cosmonauts Mir.txt 18 851 1137 1286 1655 1798 2861 3491 3940 4034 4438 4926 5717 5917 9134 10207 10361 10392 10507 
1.8 Mir.txt 1 1670 
unavailability Mir.txt 1 7070 
have Mir.txt 5 623 641 1130 4285 4765 
need Mir.txt 2 1416 9339 
linked Mir.txt 1 10384 
complete Mir.txt 1 296 
ewald Mir.txt 1 3164 
dishes Mir.txt 1 1602 
cranes Mir.txt 2 1642 1659 
agency Mir.txt 3 391 3607 6456 
able Mir.txt 2 3967 5294 
gravity Mir.txt 4 2694 2917 2923 2948 
instance Mir.txt 3 1404 2646 10317 
thruster Mir.txt 4 1470 1523 2614 6136 
concerns Mir.txt 1 9718 
analog Mir.txt 1 8363 
which Mir.txt 53 103 283 996 1111 1193 1509 1667 1783 1847 1924 2167 2189 2202 2254 2353 2828 2849 3192 3401 3519 3805 3817 4103 4517 4555 4675 5121 5191 5735 5761 6239 6335 6495 6538 6597 6620 6918 7265 7447 7503 7587 7705 8200 8405 9027 9049 9094 9199 9511 9867 9898 9969 10423 
apas-89 Mir.txt 3 6272 6602 9233 
mir Mir.txt 155 0 14 16 19 47 90 129 192 232 413 431 446 474 509 771 816 970 978 1024 1384 1489 1551 1596 1637 1915 1951 2013 2309 2396 2405 2485 2688 2751 2786 2896 2905 2909 2973 3102 3177 3241 3259 3267 3284 3303 3311 3377 3487 3545 3695 3724 3813 3848 3999 4019 4063 4094 4153 4222 4238 4250 4311 4477 4485 4635 4757 5043 5105 5169 5175 5177 5383 5436 5448 5459 5490 5516 5532 5548 5572 5593 5634 5658 5691 5903 5949 5993 6012 6110 6299 6326 6386 6426 6501 6533 6579 6695 6864 6909 6963 7034 7143 7154 7162 7178 7186 7199 7308 7321 7416 7421 7442 7458 7494 7517 7717 7977 8022 8043 8063 8075 8076 8107 8133 8212 8251 8266 8394 8432 8454 8518 8524 8543 8725 8732 8737 8747 8847 8925 9061 9185 9295 9332 9352 9399 9441 9499 9568 9649 9651 9704 9814 10152 10424 10543 
soap Mir.txt 1 4718 
centre Mir.txt 3 2757 9434 9552 
who Mir.txt 9 3278 4208 5237 5266 6958 7397 8035 8163 8292 
unpressurised Mir.txt 3 306 1274 1460 
dockings Mir.txt 2 1115 8780 
connected Mir.txt 2 2338 4578 
preparations Mir.txt 1 6575 
spacesuit Mir.txt 2 7621 9800 
segment Mir.txt 1 9530 
dorsal Mir.txt 2 2127 2351 
so-called Mir.txt 1 7899 
spaceflight Mir.txt 6 175 365 3578 4329 7258 7452 
face Mir.txt 1 4375 
igla-equipped Mir.txt 1 8931 
lowered Mir.txt 2 10357 10364 
rendezvous Mir.txt 4 752 2765 5684 7193 
normally Mir.txt 1 7754 
impression Mir.txt 1 3863 
atmosphere Mir.txt 7 3005 3100 3128 3144 8081 9636 10206 
musabayev Mir.txt 1 8104 
oxygen-generating Mir.txt 1 9846 
agreed Mir.txt 2 3438 3528 
supported Mir.txt 1 8750 
eo-27 Mir.txt 1 8275 
rotating Mir.txt 1 2569 
planning Mir.txt 1 3308 
greenhouse Mir.txt 1 6234 
gasping Mir.txt 1 4883 
principal Mir.txt 3 5187 5227 5258 
taps Mir.txt 1 1932 
apollo Mir.txt 1 3154 
based Mir.txt 5 681 894 1188 5940 9206 
pressurised Mir.txt 5 302 1426 1487 1946 10484 
avdeyev Mir.txt 1 8151 
fuel Mir.txt 4 1559 3045 8591 8983 
employed Mir.txt 1 2867 
communist Mir.txt 1 825 
hope Mir.txt 1 8499 
equilibrium Mir.txt 1 6162 
regularly Mir.txt 1 2640 
perigee Mir.txt 1 2416 
gyrodynes Mir.txt 3 2568 2600 2708 
overall Mir.txt 1 692 
joint Mir.txt 4 3474 3624 3661 7412 
126 Mir.txt 1 2272 
procedures Mir.txt 4 1167 2768 7538 7545 
areas Mir.txt 3 7535 9407 10379 
hoses Mir.txt 1 3731 
wake-up Mir.txt 1 3885 
h Mir.txt 2 3430 6523 
processed Mir.txt 1 3011 
137 Mir.txt 1 8611 
view Mir.txt 2 3702 6384 
fold-out Mir.txt 1 4820 
modifications Mir.txt 1 4186 
catastrophic Mir.txt 1 9148 
frame Mir.txt 1 2322 
humans Mir.txt 1 5143 
module Mir.txt 77 246 254 282 519 628 648 878 967 1028 1077 1126 1162 1196 1204 1224 1247 1253 1348 1407 1425 1545 1650 1703 1719 1743 1850 1884 2114 2139 2303 2507 2720 2812 3172 3709 4403 4414 4490 4738 4812 4835 4866 5385 5390 5609 5660 5672 5689 5757 5996 6032 6117 6221 6223 6264 7156 7264 7371 7429 7463 7720 7779 7789 7810 7896 8001 8231 8244 8376 8775 8801 8855 9323 9343 9354 10129 10315 
intensity Mir.txt 1 9821 
computer Mir.txt 5 743 5965 8364 8420 9681 
kvant Mir.txt 34 1000 1155 1168 1479 1519 1581 1768 1831 2132 2154 2196 2231 2331 2377 4405 4492 4643 5392 5607 5637 5687 5930 5954 5967 5990 6003 6059 6155 6330 8787 8857 9213 9889 10308 
operated Mir.txt 4 29 38 384 4531 
creating Mir.txt 1 6093 
closer Mir.txt 1 10287 
kayutka Mir.txt 1 4793 
record Mir.txt 6 143 169 4211 5370 5871 7453 
nuclear Mir.txt 1 10458 
state Mir.txt 1 2957 
difficulties Mir.txt 2 3391 7654 
routine Mir.txt 1 9176 
progress Mir.txt 38 633 714 1380 2478 2882 4567 4859 5472 5478 5481 6776 6889 7680 7725 7765 7770 8198 8428 8579 8621 8652 8713 8756 8821 8966 9017 9033 9044 9069 9105 9151 9179 10049 10077 10080 10105 10115 10122 
nickel-cadmium Mir.txt 1 1957 
437-day Mir.txt 2 5216 7257 
agencies Mir.txt 1 3593 
physicist Mir.txt 1 8160 
longitudinal Mir.txt 1 6651 
centrepiece Mir.txt 1 9623 
configuration Mir.txt 3 583 1432 6663 
commands Mir.txt 1 2891 
goldin Mir.txt 1 7969 
lifeboat Mir.txt 1 8901 
32.8 Mir.txt 1 2163 
safely Mir.txt 1 9139 
redocked Mir.txt 1 5546 
otherwise Mir.txt 1 4876 
budgetary Mir.txt 1 3390 
wall Mir.txt 1 4847 
removal Mir.txt 1 10096 
instrumentsas Mir.txt 1 3735 
soyuz-tm Mir.txt 1 8945 
table Mir.txt 1 4995 
allocated Mir.txt 2 4107 4833 
rpm Mir.txt 1 2572 
withdrawn Mir.txt 1 6734 
powered Mir.txt 2 1914 10459 
addition Mir.txt 8 1484 1827 4962 6113 6252 6654 9173 10470 
drank Mir.txt 1 5006 
slowly Mir.txt 1 2081 
curtain Mir.txt 1 4679 
waste Mir.txt 8 2991 3014 4505 4546 4549 4572 4605 9026 
sts-60 Mir.txt 1 7055 
x-2 Mir.txt 1 9257 
2001 Mir.txt 7 37 436 458 2404 5065 8089 8634 
controlled Mir.txt 3 2713 2984 9447 
sufficient Mir.txt 1 9326 
ewalds Mir.txt 1 3174 
extinguishers Mir.txt 1 10029 
improved Mir.txt 3 486 7531 9219 
an Mir.txt 45 325 341 485 548 1555 2414 2423 2433 2724 3126 3238 3246 3550 3906 3911 3990 4128 4182 4263 4559 4647 4686 4842 5154 5724 6048 6133 6192 6337 6484 6601 6844 6884 7006 7664 7708 7851 8566 8917 9596 10236 10251 10295 10403 10539 
20-tonne Mir.txt 1 676 
troubled Mir.txt 1 5697 
atmospheric Mir.txt 4 2457 2985 8558 8665 
unlike Mir.txt 3 1171 5013 8998 
05:52 Mir.txt 1 8689 
will Mir.txt 1 10413 
mutant Mir.txt 1 5135 
manually Mir.txt 3 1139 5999 10075 
almost Mir.txt 1 3665 
blood Mir.txt 1 4347 
thus Mir.txt 2 1325 1413 
site Mir.txt 1 883 
hardware Mir.txt 1 7910 
optimistic Mir.txt 1 8522 
dual Mir.txt 1 5432 
gyroscopes Mir.txt 2 2565 5667 
115-day Mir.txt 1 10248 
orbital Mir.txt 8 469 638 975 2911 8437 8461 9529 10191 
began Mir.txt 9 718 979 3882 3930 6574 8574 8647 8687 9809 
administration Mir.txt 1 3600 
kazakhstan Mir.txt 1 6486 
adverse Mir.txt 1 4315 
parts Mir.txt 4 1657 6779 9586 10491 
largest Mir.txt 4 78 1495 9386 9415 
shuttle Mir.txt 36 290 412 1230 1458 2295 2484 2886 3266 3496 3658 4504 6298 6532 6578 7002 7052 7115 7142 7158 7171 7197 7302 7307 7543 8062 8717 8743 9198 9242 9294 9310 9330 9396 9509 9648 10056 
party Mir.txt 1 826 
difficult Mir.txt 1 4659 
drink Mir.txt 1 4902 
upon Mir.txt 1 4382 
robotic Mir.txt 1 1845 
expand Mir.txt 1 570 
keep Mir.txt 2 8132 8344 
off Mir.txt 4 441 6648 8383 10142 
center Mir.txt 1 9453 
i Mir.txt 1 4240 
well Mir.txt 2 3736 4874 
km/h Mir.txt 2 346 2438 
354 Mir.txt 1 2418 
command Mir.txt 1 9560 
firstly Mir.txt 1 1026 
audio Mir.txt 1 2771 
soviet Mir.txt 11 41 239 362 402 2839 3187 3343 6432 6442 9195 9507 
usual Mir.txt 1 6608 
spherical Mir.txt 1 593 
restore Mir.txt 1 7854 
rocket Mir.txt 5 708 990 7280 10439 10452 
heavily Mir.txt 2 3541 9838 
increasingly Mir.txt 1 9856 
proximity Mir.txt 2 9914 10288 
obtain Mir.txt 2 6635 6990 
dose Mir.txt 4 10238 10253 10264 10298 
not Mir.txt 11 837 2942 2962 4109 4155 8264 8991 9275 9708 9711 10285 
batteries Mir.txt 2 1959 2040 
stored Mir.txt 2 3013 4557 
rooms Mir.txt 1 9486 
rest Mir.txt 2 7923 8349 
hand-over Mir.txt 1 7544 
toilets Mir.txt 2 4474 4482 
130-tonne Mir.txt 1 3722 
disturbance Mir.txt 1 4368 
perseid Mir.txt 1 6914 
density Mir.txt 1 4461 
satellites Mir.txt 2 10443 10460 
supply Mir.txt 8 1903 1923 2282 2995 4042 5021 6836 10166 
capabilities Mir.txt 2 573 9273 
book Mir.txt 1 9732 
wet Mir.txt 1 4715 
lymphocytes Mir.txt 1 10338 
5 Mir.txt 10 1610 1926 4432 5322 5333 5484 5600 5693 5794 5852 
tests Mir.txt 6 899 921 3336 6772 10083 10112 
increased Mir.txt 4 1548 3147 10296 10319 
government Mir.txt 2 3405 6742 
biologists Mir.txt 1 5130 
262 Mir.txt 1 335 
five Mir.txt 5 589 2967 3781 7224 9662 
desk Mir.txt 1 4821 
atrophy Mir.txt 1 4322 
station-keep Mir.txt 1 6875 
string Mir.txt 1 5784 
loss Mir.txt 5 4361 4462 7690 7701 9683 
lost Mir.txt 2 2451 7861 
tons Mir.txt 1 9431 
controllers Mir.txt 2 2779 6633 
korolyov Mir.txt 1 9456 
become Mir.txt 3 6530 9792 9855 
replacement Mir.txt 1 3318 
accessible Mir.txt 1 419 
tm Mir.txt 1 5542 
warmed Mir.txt 1 5000 
because Mir.txt 8 2453 3145 3322 3866 4278 4886 6785 6794 
sequence Mir.txt 1 1017 
ventilated Mir.txt 1 4875 
platforms Mir.txt 2 1767 1774 
home Mir.txt 1 3836 
119 Mir.txt 1 8019 
congress Mir.txt 2 827 7949 
lead Mir.txt 1 6767 
enlargements Mir.txt 1 9402 
leak Mir.txt 2 7873 8012 
locate Mir.txt 1 7871 
biology Mir.txt 2 108 110 
hose Mir.txt 1 4577 
schedule Mir.txt 3 3840 5406 7107 
acronym Mir.txt 1 9466 
expansion Mir.txt 3 1153 5885 6477 
pressure Mir.txt 5 2986 3109 5400 7832 7835 
conveyed Mir.txt 1 2536 
although Mir.txt 4 2481 4623 6283 9487 
described Mir.txt 1 2953 
panel Mir.txt 6 2128 2228 2352 2364 2375 9887 
about Mir.txt 9 5 3937 4235 5133 8523 9719 9733 9829 10240 
carried Mir.txt 19 1715 2299 3279 4544 5661 5674 6496 7738 7883 7979 8036 8177 8202 8303 8478 8547 9046 9227 9375 
freedom Mir.txt 3 1972 3298 3328 
dependence Mir.txt 2 6027 6762 
compatible Mir.txt 2 6278 9239 
sweat Mir.txt 1 3082 
tongue Mir.txt 1 4985 
photovoltaic Mir.txt 3 313 1911 2316 
own Mir.txt 5 1035 1181 3956 4298 4891 
letters Mir.txt 1 3979 
childrens Mir.txt 1 3745 
rectify Mir.txt 2 2248 10182 
previously Mir.txt 1 2344 
travelers Mir.txt 1 422 
tiny Mir.txt 1 9755 
1986 Mir.txt 13 35 60 261 819 844 929 945 983 2400 5320 5452 5486 5583 
1987 Mir.txt 8 1158 2141 5324 5602 5614 5695 5796 8794 
1984 Mir.txt 2 768 798 
1985 Mir.txt 1 855 
1982 Mir.txt 1 727 
1983 Mir.txt 1 729 
transfer Mir.txt 2 7537 8601 
support Mir.txt 8 213 2971 2979 4289 5291 5296 6018 8539 
1989 Mir.txt 9 1003 2158 5327 5335 5800 5831 5854 5957 5974 
spread Mir.txt 1 10369 
funnel Mir.txt 1 4589 
north Mir.txt 1 428 
disengaged Mir.txt 1 2602 
padalka Mir.txt 2 8148 8297 
bus Mir.txt 1 9211 
but Mir.txt 20 937 1676 1818 3006 3242 3757 4657 5012 5221 5245 6097 6938 7083 7965 8237 8781 9316 9666 10015 10406 
construction Mir.txt 1 3627 
automated Mir.txt 1 5985 
highest Mir.txt 1 2997 
he Mir.txt 10 4121 4131 4165 4175 4191 7589 9778 9786 9802 9815 
made Mir.txt 4 418 3216 8507 9788 
whether Mir.txt 1 7953 
cells Mir.txt 3 2317 4348 10340 
official Mir.txt 2 3991 9977 
spacewalk Mir.txt 7 2207 6927 7414 7607 7904 7993 9790 
dos-17k Mir.txt 1 491 
below Mir.txt 1 3976 
converted Mir.txt 2 4690 9514 
gyrodyne Mir.txt 1 745 
problem Mir.txt 1 5729 
minutes Mir.txt 4 5003 8664 9992 10007 
entering Mir.txt 1 7893 
contribute Mir.txt 1 10354 
slowing Mir.txt 1 4338 
05:44 Mir.txt 1 8677 
periods Mir.txt 2 5305 5316 
crystals Mir.txt 1 6210 
variety Mir.txt 2 8978 10429 
46 Mir.txt 1 1686 
countermeasure Mir.txt 1 4455 
45 Mir.txt 1 10006 
43 Mir.txt 1 9085 
other Mir.txt 19 11 1151 1263 1273 1758 2363 2869 3068 3395 3682 3982 4331 7292 8939 9025 9252 10062 10465 10490 
special Mir.txt 4 5027 6042 7916 8362 
meteor Mir.txt 2 6915 10519 
better Mir.txt 1 10311 
85 Mir.txt 1 1556 
treadmills Mir.txt 1 4399 
star Mir.txt 1 2529 
mohmand Mir.txt 1 5814 
june Mir.txt 12 3425 5343 5551 6128 6146 6514 7316 7324 7757 8093 8141 8320 
stay Mir.txt 9 3248 4214 4309 5457 5605 6107 7492 7527 7987 
tonnes Mir.txt 1 9428 
astronomy Mir.txt 1 112 
exposure Mir.txt 2 1622 10412 
using Mir.txt 5 1679 1981 2714 4714 4726 
starting Mir.txt 1 8372 
lasted Mir.txt 2 5223 8407 
1360 Mir.txt 1 2274 
anomaly Mir.txt 1 10229 
biotechnology Mir.txt 1 6228 
accidents Mir.txt 4 6769 9883 9896 10064 
